  27461.826
  28219.802
  27460.328
  23700.184
  26738.177
  26731.435
  26743.858
  26737.467
  26750.251
  26731.435
  23762.817
  26693.528
  26714.062
  26738.532
  26766.959
  23749.368
  27512.466
  27509.085
  27419.954
  27479.435
  27506.830
  23792.010
  27503.826
  26759.491
  26775.499
  26731.435
  26759.136
  26746.699
  26767.671
  26733.919
  26701.667
  26702.021
  26728.242
  26761.980
  26705.916
  26732.854
  21061.131
  26738.532
  19474.408
  24502.271
  23209.423
  24513.901
  23772.072
  26747.764
  26722.569
  23691.264
  23773.756
  23776.001
  26723.278
  27447.979
  27468.567
  27491.813
  27476.061
  26725.405
  26712.999
  26732.499
  26732.499
  24031.309
  26709.811
  23746.848
  27481.310
  23765.902
  26747.409
  26735.338
  26760.202
  23791.448
  27485.060
  27524.121
  26741.727
  26736.758
  26733.564
  26736.758
  26777.991
  26710.874
  23772.072
  26737.112
  23763.098
  27510.588
  27471.190
  20779.319
  23756.371
  23786.390
  27506.079
  26750.251
  27470.066
  26727.533
  27479.060
  27433.773
  26734.273
  27504.577
  22911.877
  26713.708
  26716.188
  26694.589
  26751.317
  26747.054
  27460.703
  27483.560
  26742.792
  26714.771
  26706.978
