   3312.338
   3976.467
   3856.623
   3784.664
   3873.228
   3870.140
   3933.238
   3856.217
   3443.915
   3965.991
   3977.512
   3979.940
   3439.599
   3963.298
   3964.024
   3979.586
   3796.334
   3856.646
   3587.560
   3979.445
   3870.095
   3871.643
   3964.484
   3979.405
   3981.246
   3966.991
   3860.290
   3868.297
   3981.301
   3979.681
   3966.475
   3977.417
   3976.828
   3977.802
   3977.417
   3980.719
   3977.048
   3871.181
   3853.370
   3871.486
   3441.732
   3963.088
   3962.877
   3868.564
   3872.677
   3868.393
   3966.952
   3978.203
   3873.214
   3856.609
   3860.645
   3812.250
   3760.182
   3869.843
   3871.896
   3859.720
   3874.070
   3858.389
   3801.113
   3873.154
   3803.999
   3864.371
   3977.480
   3871.033
   3858.057
   3010.635
   3963.096
   3249.002
   3979.736
   3870.036
   3871.784
   3962.784
   3978.894
   3977.842
   3981.844
   3961.568
   3980.790
   3963.376
   3977.684
   3980.428
   3427.868
   3942.786
   3961.685
   3964.297
   3980.593
   3969.993
   3982.868
   3786.898
   3872.394
   3976.554
   3978.140
   3965.663
   3978.171
   3979.217
   3978.384
   3964.593
   3979.814
   3977.315
   3977.048
   3978.030
   3966.045
