  16868.165
  14830.939
  15889.306
  14201.528
  15930.778
  14492.863
  15920.704
  15657.705
  15901.223
  15757.046
  10306.247
  13901.401
  13189.013
  13260.039
  13475.528
  14382.852
  14172.749
  15952.733
  15787.924
  15490.322
  15923.222
  15905.994
  15938.847
  15647.122
  15918.943
  15672.203
  14218.571
  12047.998
  12425.264
  16260.537
  13769.023
  11410.767
  15661.844
  15945.029
  15636.554
  15944.398
  15937.207
  15734.766
  15939.729
  15948.312
  15922.592
  15836.211
  15943.010
  15952.859
  15571.517
  15951.217
  15935.694
  15958.800
  15981.339
  15960.065
  14164.177
  15981.720
  16012.467
  15932.669
  15900.846
  15864.650
  15972.848
  15965.505
  15489.608
  14174.743
  13793.539
  15909.638
  16390.877
  16372.491
  16422.417
  16387.010
  16432.600
  16372.491
  15937.081
  12436.081
  16366.903
  16403.024
  14528.406
  15642.261
  15941.622
  15502.245
  15619.578
  15978.677
  14157.507
  15848.173
  15439.028
  15680.622
  13929.956
  15982.227
  15905.241
  14220.177
  15498.428
  15874.653
  15918.817
  14225.601
  15938.973
  15734.643
  15547.717
  15951.470
  12394.984
  15687.827
  16452.062
  14199.326
  16373.156
  16375.685
  13766.482
