  15153.062
  15560.329
  15455.140
  13615.998
  14801.295
  14170.954
  14367.872
  15212.920
  15232.709
  12168.167
  14798.793
  13767.611
  12814.762
  15212.690
  15707.402
  15461.902
  14660.486
  14784.780
  15106.692
  14801.077
  14408.471
  14985.419
  14916.832
  15232.709
  14181.630
  15283.799
  15137.005
  12226.223
  14542.568
  13037.395
  14476.509
  14632.687
  15182.646
  14715.648
  14887.064
  13092.224
  15143.037
  15327.997
  15138.256
  15346.450
  15805.144
  12778.015
  13394.694
  13894.018
  15569.350
  15621.274
  15428.503
  15494.970
  13364.565
  15155.799
  14420.437
  15484.130
  15168.696
  15083.049
  14738.692
  12243.688
  15266.191
  15081.355
  14324.954
  14635.452
  15601.067
  15564.538
  15080.451
  15320.069
  14549.921
  13385.525
  13398.704
  14333.925
  14175.342
  14605.206
  14732.762
  15040.362
  14753.915
  15300.169
  14061.436
  15295.173
  14657.072
  14374.640
  14591.134
  13377.968
  15030.485
  14648.757
  13922.638
  13819.281
  13869.716
  14818.609
  12313.750
  15239.739
  14831.813
  14785.540
  11213.077
  15434.177
  13935.738
  14357.323
  13594.035
  14559.597
  13937.378
  14608.066
  14104.368
  14781.308
   9583.663
