  22137.520
  21358.389
  21321.987
  18318.207
  21444.346
  20883.379
  18257.269
  21518.115
  21475.212
  20386.649
  20700.728
  21285.034
  21445.259
  21114.782
  21065.756
  22033.629
  22090.176
  21124.083
  21050.785
  21115.889
  20746.358
  18712.874
  21486.208
  16768.319
  21021.784
  19077.641
  20909.177
  20902.451
  20602.479
  20719.254
  20847.498
  21500.888
  20898.113
  12055.064
  20835.421
  20879.482
  20770.319
  20515.392
  14109.703
  19700.700
  18504.848
  17228.149
  11761.176
  16121.665
  17278.991
  17319.702
  16829.828
  17905.715
  17929.943
  18911.237
  19687.221
  20899.848
  20876.453
  21336.668
  20457.257
  20905.488
  21617.423
  21555.191
  22083.394
  21298.763
  21663.693
  20934.604
  21211.510
  20898.547
  19282.563
  21078.543
  18328.375
  19178.642
  18856.706
  19788.379
  20349.163
  20609.858
  20697.112
  20882.297
  21071.927
  21277.838
  21416.983
  20980.179
  21133.835
  18733.585
  22092.114
  20877.102
  21408.105
  20839.086
  20986.081
  20774.389
  21314.992
  18543.179
  21194.770
  21117.438
  20842.967
  21367.226
  20895.728
  21297.412
  21392.416
  21623.457
  22014.363
  20699.452
  20697.963
  21054.306
  21287.058
