           2.757
           2.858
           2.863
           3.332
           2.846
           2.923
           3.343
           2.836
           2.842
           2.994
           2.948
           2.868
           2.846
           2.891
           2.897
           2.770
           2.763
           2.889
           2.899
           2.890
           2.942
           3.262
           2.841
           3.640
           2.903
           3.199
           2.919
           2.920
           2.963
           2.946
           2.928
           2.839
           2.921
           5.063
           2.929
           2.923
           2.939
           2.975
           4.326
           3.098
           3.298
           3.543
           5.190
           3.786
           3.532
           3.524
           3.627
           3.409
           3.404
           3.227
           3.100
           2.920
           2.924
           2.861
           2.984
           2.920
           2.823
           2.832
           2.764
           2.866
           2.817
           2.916
           2.877
           2.921
           3.165
           2.896
           3.330
           3.182
           3.237
           3.084
           2.999
           2.961
           2.949
           2.923
           2.897
           2.868
           2.850
           2.909
           2.888
           3.258
           2.763
           2.924
           2.851
           2.929
           2.908
           2.938
           2.863
           3.292
           2.880
           2.890
           2.928
           2.856
           2.921
           2.866
           2.853
           2.823
           2.773
           2.949
           2.949
           2.899
           2.867
