           4.028
           3.922
           3.949
           4.483
           4.124
           4.307
           4.248
           4.012
           4.007
           5.016
           4.124
           4.433
           4.763
           4.012
           3.886
           3.947
           4.163
           4.128
           4.040
           4.124
           4.236
           4.073
           4.092
           4.007
           4.304
           3.993
           4.032
           4.992
           4.197
           4.682
           4.216
           4.171
           4.020
           4.148
           4.100
           4.662
           4.031
           3.982
           4.032
           3.977
           3.862
           4.777
           4.557
           4.393
           3.920
           3.907
           3.956
           3.939
           4.567
           4.027
           4.233
           3.942
           4.024
           4.047
           4.141
           4.985
           3.998
           4.047
           4.261
           4.170
           3.912
           3.921
           4.047
           3.984
           4.195
           4.560
           4.555
           4.258
           4.306
           4.179
           4.143
           4.058
           4.137
           3.989
           4.341
           3.990
           4.164
           4.246
           4.183
           4.562
           4.061
           4.167
           4.384
           4.417
           4.401
           4.119
           4.957
           4.005
           4.115
           4.128
           5.443
           3.955
           4.380
           4.251
           4.490
           4.192
           4.379
           4.178
           4.327
           4.129
           6.369
