           3.618
           4.115
           3.841
           4.298
           3.831
           4.211
           3.834
           3.898
           3.838
           3.874
           5.922
           4.391
           4.628
           4.603
           4.529
           4.244
           4.307
           3.826
           3.866
           3.940
           3.833
           3.837
           3.829
           3.901
           3.834
           3.894
           4.293
           5.066
           4.912
           3.754
           4.433
           5.349
           3.897
           3.828
           3.903
           3.828
           3.830
           3.879
           3.829
           3.827
           3.833
           3.854
           3.828
           3.826
           3.920
           3.826
           3.830
           3.825
           3.819
           3.824
           4.309
           3.819
           3.812
           3.831
           3.838
           3.847
           3.821
           3.823
           3.940
           4.306
           4.425
           3.836
           3.724
           3.728
           3.717
           3.725
           3.714
           3.728
           3.830
           4.908
           3.729
           3.721
           4.201
           3.902
           3.829
           3.937
           3.908
           3.820
           4.311
           3.851
           3.953
           3.892
           4.382
           3.819
           3.837
           4.292
           3.938
           3.845
           3.834
           4.291
           3.829
           3.879
           3.926
           3.826
           4.924
           3.891
           3.710
           4.298
           3.728
           3.727
           4.434
