          18.427
          15.349
          15.826
          16.127
          15.758
          15.771
          15.518
          15.828
          17.723
          15.390
          15.345
          15.336
          17.745
          15.400
          15.397
          15.337
          16.077
          15.826
          17.013
          15.338
          15.771
          15.765
          15.395
          15.338
          15.331
          15.386
          15.811
          15.778
          15.330
          15.337
          15.388
          15.345
          15.348
          15.344
          15.345
          15.333
          15.347
          15.767
          15.839
          15.765
          17.734
          15.401
          15.402
          15.777
          15.760
          15.778
          15.386
          15.342
          15.758
          15.826
          15.810
          16.010
          16.232
          15.772
          15.764
          15.813
          15.755
          15.819
          16.057
          15.759
          16.045
          15.794
          15.345
          15.767
          15.820
          20.273
          15.401
          18.786
          15.336
          15.771
          15.764
          15.402
          15.340
          15.344
          15.328
          15.407
          15.332
          15.400
          15.344
          15.334
          17.806
          15.480
          15.406
          15.396
          15.333
          15.374
          15.324
          16.117
          15.762
          15.349
          15.343
          15.391
          15.343
          15.338
          15.342
          15.395
          15.336
          15.346
          15.347
          15.343
          15.389
