           2.223
           2.163
           2.223
           2.575
           2.283
           2.283
           2.282
           2.283
           2.282
           2.283
           2.569
           2.287
           2.285
           2.283
           2.280
           2.570
           2.218
           2.219
           2.226
           2.221
           2.219
           2.565
           2.219
           2.281
           2.280
           2.283
           2.281
           2.282
           2.280
           2.283
           2.286
           2.286
           2.284
           2.281
           2.285
           2.283
           2.898
           2.283
           3.134
           2.491
           2.630
           2.490
           2.568
           2.282
           2.284
           2.576
           2.567
           2.567
           2.284
           2.224
           2.222
           2.220
           2.221
           2.284
           2.285
           2.283
           2.283
           2.540
           2.285
           2.570
           2.221
           2.568
           2.282
           2.283
           2.281
           2.565
           2.221
           2.218
           2.282
           2.283
           2.283
           2.283
           2.279
           2.285
           2.568
           2.283
           2.568
           2.219
           2.222
           2.937
           2.569
           2.566
           2.219
           2.282
           2.222
           2.284
           2.221
           2.225
           2.283
           2.219
           2.664
           2.285
           2.285
           2.286
           2.282
           2.282
           2.223
           2.221
           2.282
           2.285
           2.285
