  15853.287
  15860.903
  15854.785
  13700.279
  15823.521
  15807.873
  15396.188
  15424.249
  15426.494
  15400.662
  15428.030
  15430.157
  15424.131
  15428.857
  14180.232
  15852.040
  15842.065
  15852.913
  15857.781
  15825.759
  15829.490
  15428.857
  15427.794
  15854.036
  15852.289
  15817.308
  15852.040
  15845.430
  15431.694
  11252.983
  15856.657
  15857.781
  15409.381
  15423.777
  15412.564
  15412.800
  15861.402
  12003.124
  15842.314
  15852.289
  15424.958
  13689.849
  11397.014
  15857.906
  15856.407
  15844.184
  11078.684
  15856.657
  15432.049
  14214.758
  14924.127
  14119.891
  14107.529
  14535.956
  13758.582
  15390.306
  15425.785
  15425.903
  15424.604
  15386.426
  15412.446
  15412.211
  15401.368
  15425.194
  13952.729
  15854.910
  15852.539
  15425.667
  15399.249
  15395.482
  15413.390
  15850.667
  15856.283
  13687.059
  15424.604
  15429.921
  15850.168
  15852.539
  15630.123
  15818.550
  15411.739
  15428.739
  15428.030
  15854.410
  15857.531
  15857.781
  15851.416
  15429.094
  15433.231
  15853.911
  15829.117
  13712.030
  15856.782
  15848.048
  13681.109
  15851.665
  15393.953
  15421.297
  15854.286
  13683.711
  13688.547
