   3799.729
   3680.626
   3921.919
   3978.541
   3873.013
   3859.210
   3442.279
   3979.067
   3966.342
   3969.946
   3591.500
   3868.029
   3805.465
   3758.813
   3873.996
   3869.672
   3956.012
   3955.251
   3871.419
   3866.796
   3856.335
   3857.429
   3815.398
   3977.127
   3981.041
   3818.501
   3855.966
   3811.370
   3872.521
   3805.407
   3833.910
   3790.896
   3964.945
   3979.744
   3928.490
   3979.366
   3977.394
   3964.531
   3979.901
   3975.690
   3440.674
   3962.378
   3979.972
   3440.850
   3870.765
   3980.656
   3978.407
   3980.451
   3872.067
   3868.163
   3979.547
   3440.574
   3870.705
   3871.911
   3977.087
   3979.303
   3978.030
   3977.354
   3980.396
   3964.664
   3980.129
   3979.154
   3443.215
   3965.585
   3439.681
   3979.689
   3977.504
   3187.890
   3592.109
   3461.131
   3871.494
   3827.892
   3874.711
   3978.643
   3871.851
   3871.405
   3961.958
   3963.400
   3976.389
   3962.643
   3980.113
   3965.397
   3977.190
   3980.239
   3857.798
   3869.203
   3710.214
   3817.669
   3870.884
   3871.844
   3872.849
   3978.054
   3440.803
   3980.074
   3978.494
   3857.421
   3855.701
   3857.414
   3871.524
   3872.432
   3872.290
