  15435.952
  25097.005
  24461.503
  19313.626
  23838.472
  21228.948
  23837.907
  23815.077
  23799.600
  24438.649
  24469.527
  23819.020
  23599.383
  23827.192
  23785.547
  23810.854
  21157.589
  24150.891
  23811.417
  23803.257
  23774.598
  23799.881
  21171.377
  21170.487
  24487.376
  23813.106
  23819.020
  23799.319
  23818.738
  23822.119
  23802.694
  21143.375
  23820.710
  24479.341
  24465.068
  24453.188
  24478.151
  24469.527
  24019.846
  24480.531
  24472.500
  24484.697
  23806.351
  23755.530
  24470.419
  24468.040
  23798.756
  23833.112
  23722.515
  23816.767
  23835.651
  23828.037
  23829.729
  23836.215
  24507.935
  24455.860
  24469.229
  24457.345
  23837.343
  21188.972
  24464.474
  24460.612
  24479.638
  24464.771
  23384.303
  20216.402
  23761.135
  24462.097
  24501.675
  24463.286
  24392.479
  24488.865
  21165.815
  23802.413
  24465.663
  24501.376
  24466.257
  24506.444
  24481.721
  21174.271
  21162.480
  23834.240
  23816.767
  24469.527
  24508.234
  24467.149
  23835.933
  23741.530
  23849.198
  23716.649
  21917.106
  21190.310
  23805.507
  21167.595
  23801.569
  23801.006
  23814.514
  25071.701
  18510.800
  24459.721
  24490.056
