  27498.193
  27507.958
  26764.470
  26754.870
  26683.626
  26631.058
  26774.076
  26764.114
  26721.505
  27352.184
  27555.752
  27478.310
  27545.954
  26773.364
  26774.076
  26763.758
  26773.008
  26760.914
  26709.103
  26765.181
  26763.047
  26775.143
  26777.635
  26805.075
  26811.498
  26801.508
  26752.383
  23789.761
  23802.413
  26780.127
  23786.390
  26797.586
  26777.279
  26753.094
  19324.930
  26809.000
  27527.131
  27517.353
  27513.594
  27479.060
  27507.582
  27535.786
  27500.821
  27513.970
  27512.842
  27503.450
  27540.304
  26806.145
  26764.470
  27514.346
  27515.849
  23797.632
  26771.229
  22857.793
  27510.588
  27499.695
  26767.315
  23779.931
  26762.691
  26768.738
  26764.114
  26773.008
  26773.720
  26719.378
  26765.181
  26766.248
  26762.336
  26762.691
  26773.720
  26779.059
  26749.541
  26736.048
  26750.606
  26776.923
  26760.202
  27506.830
  27476.061
  27510.212
  27508.709
  27518.481
  27480.935
  27500.446
  26746.344
  26767.315
  27505.328
  27507.582
  26773.008
  26768.738
  26692.113
  23770.950
  26737.467
  27510.212
  27512.842
  26768.027
  26761.625
  26744.568
  26779.059
  26754.160
  27507.958
  27466.694
  23791.167
