  14831.267
  14069.098
  14826.026
  14833.123
  14429.839
  12823.328
  14435.423
  14431.596
  14805.755
  14832.140
  14839.571
  12828.392
  14363.569
  14409.296
  14430.149
  14436.251
  14435.009
  14432.734
  14422.296
  14429.942
  14429.839
  14437.079
  14427.255
  14430.976
  14423.329
  14411.770
  14420.850
  14427.461
  14432.527
  14432.113
  12819.411
  14430.355
  12823.328
  14834.762
  14832.031
  14807.932
  14811.853
  12829.372
  14818.718
  14833.342
  14809.348
  14762.025
  14839.571
  14428.805
  14433.147
  14431.596
  14419.302
  14442.358
  14835.855
  14831.376
  14432.837
  12345.601
  14433.458
  14435.940
  14413.317
  13548.861
  14433.458
  12830.680
  14435.009
  14426.531
  14825.590
  14838.697
  12819.411
  14432.527
  14435.630
  14430.666
  14432.320
  14422.709
  14433.251
  14418.166
  14429.839
  14434.182
  12828.310
  14833.560
  12831.743
  14839.134
  12829.699
  14428.391
  14428.391
  14807.388
  14817.846
  14830.939
  14833.233
  14839.462
  12834.932
  14822.753
  14431.596
  14426.738
  14837.385
  14435.527
  12832.560
  14438.424
  14833.888
  14828.428
  14408.780
  14398.995
  14427.668
  14430.459
  14433.561
  14427.875
  14827.882
