           2.220
           2.219
           2.280
           2.281
           2.287
           2.292
           2.280
           2.280
           2.284
           2.231
           2.215
           2.221
           2.216
           2.280
           2.280
           2.281
           2.280
           2.281
           2.285
           2.280
           2.281
           2.280
           2.279
           2.277
           2.276
           2.277
           2.281
           2.566
           2.564
           2.279
           2.566
           2.278
           2.279
           2.281
           3.158
           2.277
           2.217
           2.218
           2.218
           2.221
           2.219
           2.217
           2.219
           2.218
           2.218
           2.219
           2.216
           2.277
           2.280
           2.218
           2.218
           2.565
           2.280
           2.670
           2.219
           2.219
           2.280
           2.567
           2.281
           2.280
           2.280
           2.280
           2.280
           2.284
           2.280
           2.280
           2.281
           2.281
           2.280
           2.279
           2.282
           2.283
           2.282
           2.279
           2.281
           2.219
           2.221
           2.219
           2.219
           2.218
           2.221
           2.219
           2.282
           2.280
           2.219
           2.219
           2.280
           2.280
           2.287
           2.568
           2.283
           2.219
           2.218
           2.280
           2.281
           2.282
           2.279
           2.281
           2.219
           2.222
           2.565
