           4.115
           4.338
           4.117
           4.115
           4.230
           4.760
           4.228
           4.229
           4.122
           4.115
           4.113
           4.758
           4.249
           4.236
           4.230
           4.228
           4.228
           4.229
           4.232
           4.230
           4.230
           4.228
           4.231
           4.229
           4.232
           4.235
           4.232
           4.230
           4.229
           4.229
           4.761
           4.230
           4.760
           4.114
           4.115
           4.122
           4.121
           4.757
           4.119
           4.115
           4.121
           4.135
           4.113
           4.230
           4.229
           4.229
           4.233
           4.226
           4.114
           4.115
           4.229
           4.944
           4.229
           4.228
           4.235
           4.505
           4.229
           4.757
           4.228
           4.231
           4.117
           4.113
           4.761
           4.229
           4.228
           4.230
           4.229
           4.232
           4.229
           4.233
           4.230
           4.229
           4.758
           4.115
           4.757
           4.113
           4.757
           4.230
           4.230
           4.122
           4.119
           4.115
           4.115
           4.113
           4.755
           4.118
           4.229
           4.231
           4.114
           4.228
           4.756
           4.227
           4.115
           4.116
           4.236
           4.239
           4.230
           4.230
           4.229
           4.230
           4.116
