           3.954
           2.432
           2.495
           3.160
           2.560
           2.875
           2.560
           2.563
           2.565
           2.497
           2.494
           2.562
           2.586
           2.562
           2.566
           2.563
           2.885
           2.527
           2.563
           2.564
           2.567
           2.565
           2.883
           2.883
           2.493
           2.563
           2.562
           2.565
           2.562
           2.562
           2.564
           2.887
           2.562
           2.493
           2.495
           2.496
           2.493
           2.494
           2.541
           2.493
           2.494
           2.493
           2.564
           2.569
           2.494
           2.494
           2.565
           2.561
           2.573
           2.563
           2.561
           2.561
           2.561
           2.561
           2.490
           2.496
           2.494
           2.496
           2.560
           2.881
           2.495
           2.495
           2.493
           2.495
           2.610
           3.019
           2.569
           2.495
           2.491
           2.495
           2.502
           2.492
           2.884
           2.564
           2.495
           2.491
           2.495
           2.491
           2.493
           2.883
           2.884
           2.561
           2.563
           2.494
           2.490
           2.495
           2.561
           2.571
           2.559
           2.574
           2.785
           2.880
           2.564
           2.883
           2.564
           2.564
           2.563
           2.434
           3.297
           2.495
           2.492
