           3.850
           3.848
           3.850
           4.455
           3.857
           3.861
           3.964
           3.957
           3.957
           3.963
           3.956
           3.956
           3.957
           3.956
           4.304
           3.850
           3.853
           3.850
           3.849
           3.857
           3.856
           3.956
           3.956
           3.850
           3.850
           3.859
           3.850
           3.852
           3.955
           5.424
           3.849
           3.849
           3.961
           3.957
           3.960
           3.960
           3.848
           5.085
           3.853
           3.850
           3.957
           4.458
           5.355
           3.849
           3.849
           3.852
           5.509
           3.849
           3.955
           4.294
           4.090
           4.323
           4.326
           4.199
           4.436
           3.966
           3.957
           3.957
           3.957
           3.967
           3.960
           3.960
           3.963
           3.957
           4.374
           3.850
           3.850
           3.957
           3.964
           3.964
           3.960
           3.851
           3.849
           4.459
           3.957
           3.956
           3.851
           3.850
           3.905
           3.858
           3.960
           3.956
           3.956
           3.850
           3.849
           3.849
           3.850
           3.956
           3.955
           3.850
           3.856
           4.451
           3.849
           3.851
           4.461
           3.850
           3.965
           3.958
           3.850
           4.460
           4.459
