          16.063
          16.583
          15.563
          15.341
          15.759
          15.815
          17.731
          15.339
          15.388
          15.374
          16.994
          15.779
          16.039
          16.238
          15.755
          15.773
          15.428
          15.431
          15.766
          15.784
          15.827
          15.823
          15.997
          15.347
          15.331
          15.984
          15.829
          16.014
          15.761
          16.039
          15.920
          16.100
          15.394
          15.336
          15.537
          15.338
          15.346
          15.395
          15.336
          15.352
          17.739
          15.404
          15.336
          17.738
          15.768
          15.333
          15.342
          15.334
          15.763
          15.779
          15.337
          17.740
          15.768
          15.764
          15.347
          15.338
          15.343
          15.346
          15.334
          15.395
          15.335
          15.339
          17.726
          15.391
          17.744
          15.337
          15.345
          19.146
          16.991
          17.634
          15.765
          15.945
          15.752
          15.341
          15.764
          15.766
          15.405
          15.400
          15.349
          15.403
          15.335
          15.392
          15.346
          15.335
          15.821
          15.775
          16.451
          15.988
          15.768
          15.764
          15.760
          15.343
          17.739
          15.335
          15.341
          15.823
          15.830
          15.823
          15.765
          15.761
          15.762
