   3312.338	  15153.062	  22137.520	  27461.826	  16868.165
   3976.467	  15560.329	  21358.389	  28219.802	  14830.939
   3856.623	  15455.140	  21321.987	  27460.328	  15889.306
   3784.664	  13615.998	  18318.207	  23700.184	  14201.528
   3873.228	  14801.295	  21444.346	  26738.177	  15930.778
   3870.140	  14170.954	  20883.379	  26731.435	  14492.863
   3933.238	  14367.872	  18257.269	  26743.858	  15920.704
   3856.217	  15212.920	  21518.115	  26737.467	  15657.705
   3443.915	  15232.709	  21475.212	  26750.251	  15901.223
   3965.991	  12168.167	  20386.649	  26731.435	  15757.046
   3977.512	  14798.793	  20700.728	  23762.817	  10306.247
   3979.940	  13767.611	  21285.034	  26693.528	  13901.401
   3439.599	  12814.762	  21445.259	  26714.062	  13189.013
   3963.298	  15212.690	  21114.782	  26738.532	  13260.039
   3964.024	  15707.402	  21065.756	  26766.959	  13475.528
   3979.586	  15461.902	  22033.629	  23749.368	  14382.852
   3796.334	  14660.486	  22090.176	  27512.466	  14172.749
   3856.646	  14784.780	  21124.083	  27509.085	  15952.733
   3587.560	  15106.692	  21050.785	  27419.954	  15787.924
   3979.445	  14801.077	  21115.889	  27479.435	  15490.322
   3870.095	  14408.471	  20746.358	  27506.830	  15923.222
   3871.643	  14985.419	  18712.874	  23792.010	  15905.994
   3964.484	  14916.832	  21486.208	  27503.826	  15938.847
   3979.405	  15232.709	  16768.319	  26759.491	  15647.122
   3981.246	  14181.630	  21021.784	  26775.499	  15918.943
   3966.991	  15283.799	  19077.641	  26731.435	  15672.203
   3860.290	  15137.005	  20909.177	  26759.136	  14218.571
   3868.297	  12226.223	  20902.451	  26746.699	  12047.998
   3981.301	  14542.568	  20602.479	  26767.671	  12425.264
   3979.681	  13037.395	  20719.254	  26733.919	  16260.537
   3966.475	  14476.509	  20847.498	  26701.667	  13769.023
   3977.417	  14632.687	  21500.888	  26702.021	  11410.767
   3976.828	  15182.646	  20898.113	  26728.242	  15661.844
   3977.802	  14715.648	  12055.064	  26761.980	  15945.029
   3977.417	  14887.064	  20835.421	  26705.916	  15636.554
   3980.719	  13092.224	  20879.482	  26732.854	  15944.398
   3977.048	  15143.037	  20770.319	  21061.131	  15937.207
   3871.181	  15327.997	  20515.392	  26738.532	  15734.766
   3853.370	  15138.256	  14109.703	  19474.408	  15939.729
   3871.486	  15346.450	  19700.700	  24502.271	  15948.312
   3441.732	  15805.144	  18504.848	  23209.423	  15922.592
   3963.088	  12778.015	  17228.149	  24513.901	  15836.211
   3962.877	  13394.694	  11761.176	  23772.072	  15943.010
   3868.564	  13894.018	  16121.665	  26747.764	  15952.859
   3872.677	  15569.350	  17278.991	  26722.569	  15571.517
   3868.393	  15621.274	  17319.702	  23691.264	  15951.217
   3966.952	  15428.503	  16829.828	  23773.756	  15935.694
   3978.203	  15494.970	  17905.715	  23776.001	  15958.800
   3873.214	  13364.565	  17929.943	  26723.278	  15981.339
   3856.609	  15155.799	  18911.237	  27447.979	  15960.065
   3860.645	  14420.437	  19687.221	  27468.567	  14164.177
   3812.250	  15484.130	  20899.848	  27491.813	  15981.720
   3760.182	  15168.696	  20876.453	  27476.061	  16012.467
   3869.843	  15083.049	  21336.668	  26725.405	  15932.669
   3871.896	  14738.692	  20457.257	  26712.999	  15900.846
   3859.720	  12243.688	  20905.488	  26732.499	  15864.650
   3874.070	  15266.191	  21617.423	  26732.499	  15972.848
   3858.389	  15081.355	  21555.191	  24031.309	  15965.505
   3801.113	  14324.954	  22083.394	  26709.811	  15489.608
   3873.154	  14635.452	  21298.763	  23746.848	  14174.743
   3803.999	  15601.067	  21663.693	  27481.310	  13793.539
   3864.371	  15564.538	  20934.604	  23765.902	  15909.638
   3977.480	  15080.451	  21211.510	  26747.409	  16390.877
   3871.033	  15320.069	  20898.547	  26735.338	  16372.491
   3858.057	  14549.921	  19282.563	  26760.202	  16422.417
   3010.635	  13385.525	  21078.543	  23791.448	  16387.010
   3963.096	  13398.704	  18328.375	  27485.060	  16432.600
   3249.002	  14333.925	  19178.642	  27524.121	  16372.491
   3979.736	  14175.342	  18856.706	  26741.727	  15937.081
   3870.036	  14605.206	  19788.379	  26736.758	  12436.081
   3871.784	  14732.762	  20349.163	  26733.564	  16366.903
   3962.784	  15040.362	  20609.858	  26736.758	  16403.024
   3978.894	  14753.915	  20697.112	  26777.991	  14528.406
   3977.842	  15300.169	  20882.297	  26710.874	  15642.261
   3981.844	  14061.436	  21071.927	  23772.072	  15941.622
   3961.568	  15295.173	  21277.838	  26737.112	  15502.245
   3980.790	  14657.072	  21416.983	  23763.098	  15619.578
   3963.376	  14374.640	  20980.179	  27510.588	  15978.677
   3977.684	  14591.134	  21133.835	  27471.190	  14157.507
   3980.428	  13377.968	  18733.585	  20779.319	  15848.173
   3427.868	  15030.485	  22092.114	  23756.371	  15439.028
   3942.786	  14648.757	  20877.102	  23786.390	  15680.622
   3961.685	  13922.638	  21408.105	  27506.079	  13929.956
   3964.297	  13819.281	  20839.086	  26750.251	  15982.227
   3980.593	  13869.716	  20986.081	  27470.066	  15905.241
   3969.993	  14818.609	  20774.389	  26727.533	  14220.177
   3982.868	  12313.750	  21314.992	  27479.060	  15498.428
   3786.898	  15239.739	  18543.179	  27433.773	  15874.653
   3872.394	  14831.813	  21194.770	  26734.273	  15918.817
   3976.554	  14785.540	  21117.438	  27504.577	  14225.601
   3978.140	  11213.077	  20842.967	  22911.877	  15938.973
   3965.663	  15434.177	  21367.226	  26713.708	  15734.643
   3978.171	  13935.738	  20895.728	  26716.188	  15547.717
   3979.217	  14357.323	  21297.412	  26694.589	  15951.470
   3978.384	  13594.035	  21392.416	  26751.317	  12394.984
   3964.593	  14559.597	  21623.457	  26747.054	  15687.827
   3979.814	  13937.378	  22014.363	  27460.703	  16452.062
   3977.315	  14608.066	  20699.452	  27483.560	  14199.326
   3977.048	  14104.368	  20697.963	  26742.792	  16373.156
   3978.030	  14781.308	  21054.306	  26714.771	  16375.685
   3966.045	   9583.663	  21287.058	  26706.978	  13766.482
