           4.386 	           0.020 	           2.803 	           0.032 	           0.038 
           5.326 	           1.267 	           0.031 	           0.033 	           0.042 
           1.279 	           0.020 	           0.031 	           0.035 	           0.041 
           0.056 	           0.022 	           0.773 	           0.034 	           0.045 
           0.049 	           0.021 	           0.018 	           0.060 	           0.040 
           0.052 	           0.038 	           1.802 	           0.096 	           0.040 
           0.065 	           0.024 	           0.017 	           0.033 	           0.044 
           0.061 	           0.023 	           0.031 	           0.034 	           0.046 
           0.056 	           0.020 	           0.033 	           0.056 	           0.042 
           0.060 	           0.029 	           0.015 	           0.105 	           0.036 
           6.730 	           0.017 	           0.031 	           0.012 	           0.048 
           0.069 	           0.022 	           0.030 	           0.031 	           0.037 
           1.606 	           0.033 	           0.160 	           0.016 	           0.045 
           2.127 	           0.020 	           0.014 	           0.032 	           0.047 
           0.065 	           0.021 	           0.033 	           0.030 	           2.539 
           0.077 	           0.018 	           0.028 	           0.031 	           0.041 
           0.265 	           0.022 	           0.036 	           0.016 	           0.039 
           0.137 	           0.021 	           0.033 	           0.034 	           0.040 
           0.064 	           0.028 	           0.029 	           0.033 	           0.038 
           0.075 	           0.025 	           0.033 	           0.035 	           0.037 
           0.053 	           0.021 	           0.049 	           0.031 	           0.036 
           0.063 	           0.020 	           0.033 	           0.031 	           0.042 
           1.307 	           0.033 	           0.034 	           0.030 	           0.041 
           0.073 	           0.020 	           0.032 	           0.015 	           0.041 
           0.053 	           0.017 	           0.019 	           0.013 	           0.039 
           1.257 	           0.034 	           0.033 	           0.018 	           0.046 
           0.109 	           0.027 	           0.031 	           0.033 	           0.045 
           1.495 	           0.024 	           0.032 	           0.034 	           0.052 
           0.066 	           0.019 	           0.017 	           0.031 	           0.041 
           1.598 	           0.021 	           0.031 	           0.030 	           4.081 
           0.914 	           0.027 	           0.035 	           0.033 	           0.038 
           2.466 	           0.025 	           0.051 	           0.014 	           0.040 
           0.063 	           0.033 	           0.027 	           0.031 	           0.048 
           0.061 	           0.017 	           0.032 	           0.033 	           0.043 
           1.109 	           0.016 	           0.033 	           1.299 	           0.059 
           0.066 	           0.021 	           0.027 	           0.015 	           0.062 
           0.064 	           0.014 	           0.032 	           0.029 	           0.038 
           0.041 	           0.020 	           0.033 	           0.029 	           0.048 
           0.057 	           0.025 	           0.317 	           0.016 	           0.048 
           0.091 	           0.021 	           0.026 	           0.050 	           0.047 
           0.072 	           0.016 	           0.031 	           0.030 	           0.043 
           0.073 	           0.020 	           0.015 	           0.016 	           0.082 
           0.071 	           0.020 	           0.029 	           0.033 	           1.545 
           0.065 	           0.021 	           0.067 	           0.030 	           0.039 
           0.064 	           0.019 	           0.030 	           0.019 	           0.040 
           0.059 	           0.018 	           0.030 	           0.031 	           0.038 
           0.047 	           0.026 	           0.028 	           0.017 	           5.162 
           0.050 	           0.015 	           0.019 	           0.014 	           0.039 
           0.046 	           0.024 	           0.031 	           0.032 	           0.040 
           0.080 	           0.021 	           0.028 	           0.030 	           1.909 
           0.065 	           0.020 	           0.013 	           0.031 	           0.062 
           0.081 	           2.537 	           0.013 	           0.033 	           0.061 
           0.076 	           0.019 	           0.015 	           0.029 	           0.048 
           0.062 	           0.021 	           0.012 	           2.546 	           0.038 
           0.055 	           0.029 	           0.014 	           0.035 	           2.530 
           0.061 	           1.566 	           0.032 	           0.030 	           0.041 
           0.055 	           0.019 	           0.033 	           0.030 	           0.038 
           0.086 	           0.018 	           0.035 	           0.047 	           0.039 
           0.072 	           0.021 	           0.016 	           0.030 	           0.044 
           0.065 	           0.020 	           0.016 	           0.030 	           0.040 
           0.051 	           0.022 	           0.033 	           0.029 	           0.051 
           0.069 	           0.015 	           0.034 	           0.031 	           0.061 
           0.066 	           0.022 	           0.027 	           0.031 	           0.037 
           0.072 	           0.022 	           0.032 	           0.032 	           0.042 
           0.099 	           0.015 	           0.147 	           0.032 	           2.519 
           0.057 	           0.027 	           0.711 	           0.030 	           0.041 
           0.110 	           0.027 	           0.036 	           0.030 	           0.043 
           9.774 	           0.017 	           0.030 	           0.035 	           0.038 
           4.786 	           0.025 	           0.016 	           0.032 	           0.039 
           6.339 	           0.039 	           0.034 	           0.033 	           0.040 
           0.063 	           0.018 	           0.032 	           0.014 	           0.061 
           1.068 	           0.025 	           0.015 	           0.031 	           0.043 
           0.055 	           0.020 	           0.030 	           0.042 	           0.038 
           0.057 	           0.016 	           0.030 	           0.030 	           0.042 
           0.076 	           0.021 	           0.031 	           0.031 	           0.046 
           0.046 	           0.019 	           0.017 	           0.031 	           0.037 
           0.057 	           0.018 	           0.026 	           0.033 	           0.042 
           0.038 	           0.017 	           0.016 	           0.030 	           0.041 
           0.054 	           0.022 	           0.027 	           0.029 	           0.178 
           0.073 	           0.014 	           0.030 	           0.028 	           0.040 
           0.078 	           0.027 	           0.032 	           0.032 	           0.059 
           0.047 	           0.031 	           0.013 	           0.040 	           0.036 
           0.059 	           0.021 	           0.029 	           0.036 	           0.040 
           0.053 	           0.018 	           0.032 	           0.032 	           0.036 
           0.054 	           0.019 	           0.017 	           0.031 	           0.038 
           0.054 	           0.032 	           0.031 	           0.031 	           0.039 
           1.906 	           0.019 	           0.014 	           0.029 	           0.041 
           1.348 	           0.020 	           0.028 	           0.031 	           0.041 
           0.051 	           0.017 	           0.014 	           0.068 	           0.036 
           0.066 	           0.019 	           0.063 	           0.045 	           0.039 
           0.052 	           0.024 	           1.270 	           0.047 	           0.038 
           0.071 	           0.016 	           0.014 	           0.031 	           0.043 
           0.062 	           0.016 	           0.040 	           0.031 	           0.040 
           0.051 	           0.026 	           0.032 	           0.032 	           0.038 
           0.064 	           0.020 	           0.035 	           0.032 	           0.046 
           0.038 	           0.030 	           0.028 	           0.031 	           0.043 
           0.050 	           0.022 	           0.030 	           0.029 	           0.042 
           0.074 	           0.017 	           0.027 	           0.028 	           0.046 
           0.050 	           0.019 	           0.042 	           0.031 	           0.047 
           0.047 	           0.024 	           0.031 	           0.052 	           0.045 
           0.052 	           0.020 	           0.020 	           0.034 	           0.043 
