  13980.718
  14984.081
  15490.799
  15992.379
  16482.354
  17439.673
  18485.656
  13990.041
  17987.588
  18478.534
  18473.788
  18490.748
  18486.674
  18481.586
  18468.706
  18485.317
  17984.055
  17990.159
  17981.967
  15977.790
  15988.951
  15989.713
  18487.014
  18481.077
  17986.142
  17977.152
  17979.720
  17969.614
  17984.215
  18476.838
  18485.826
  17992.408
  17976.350
  17984.055
  17985.018
  17979.239
  17869.178
  17973.623
  17982.288
  17985.179
  17976.992
  17981.004
  17953.117
  17989.355
  17983.573
  17985.660
  17988.712
  17990.159
  15991.109
  17989.676
  17986.945
  17982.449
  17967.050
  18489.559
  17941.602
  18468.706
  18483.960
  17981.967
  17983.733
  17991.605
  17979.881
  17982.449
  18452.463
  18486.335
  18466.674
  17986.142
  15988.317
  18492.445
  15980.071
  18485.656
  18481.755
  18482.942
  17978.436
  15985.525
  17982.770
  17981.967
  17929.305
  17980.683
  18459.058
  18493.124
  15976.269
  17984.215
  18464.473
  18477.347
  18486.505
  15985.525
  16988.960
  17985.982
  15977.029
  17981.486
  17987.588
  17972.661
  17980.683
  17972.500
  17987.909
  17987.106
  17981.967
  17944.320
  17987.106
  18483.112
  18491.427
