   2674.730
   3164.311
   3349.821
   3462.607
   3574.280
   3926.131
   3248.331
   4137.696
   4136.116
   4134.290
   3341.086
   3572.397
   3331.514
   3804.078
   3289.327
   4133.849
   4133.103
   4136.405
   3458.742
   4088.835
   4134.180
   4090.114
   4064.658
   3368.628
   3747.547
   4131.814
   3830.768
   4134.664
   3251.498
   4134.944
   4134.341
   3575.117
   3658.218
   4133.892
   3608.533
   4134.554
   4135.555
   4130.501
   3364.953
   4136.642
   3382.954
   4134.825
   3275.904
   4138.011
   3274.046
   4136.099
   3422.986
   4133.179
   3281.193
   4138.249
   3492.828
   4133.934
   4129.865
   4134.477
   3818.176
   4020.986
   4131.492
   4132.747
   4108.410
   4087.872
   3550.307
   4022.656
   3691.561
   4023.187
   3043.177
   4123.913
   3940.448
   4022.978
   4134.638
   4133.281
   4133.400
   4019.967
   4021.187
   4131.085
   4099.070
   4133.705
   3223.853
   4132.645
   4020.328
   4021.588
   4133.875
   3876.240
   4134.537
   4134.146
   4136.167
   4134.316
   3249.956
   3577.015
   3567.923
   4132.323
   4133.086
   4136.430
   3794.961
   4129.798
   3307.259
   3575.149
   3269.321
   4129.679
   3548.631
   4131.060
   4131.975
