  10076.091
  10539.878
  10530.951
  10907.930
  11291.654
  11666.349
  12044.684
  12789.780
  13549.317
  13928.800
  13924.659
  13549.499
  13549.043
  13549.317
  13543.304
  13546.948
  12046.124
  13924.948
  13906.008
  13915.424
  13917.539
  13551.687
  13547.950
  13538.570
  12044.539
  13926.199
  13549.043
  13541.119
  13540.117
  13548.679
  13923.696
  13924.755
  13926.488
  13923.023
  13927.548
  13922.253
  13926.488
  13916.000
  13925.429
  13926.970
  13924.370
  13549.317
  13548.314
  12909.132
  12039.644
  13551.869
  13549.590
  12044.035
  13548.223
  13547.403
  13548.223
  13542.393
  13550.775
  13550.411
  13925.140
  12043.171
  13926.392
  13923.408
  13926.874
  13925.429
  13534.022
  13809.048
  13509.421
  13548.861
  13548.406
  13551.140
  13549.864
  13539.571
  12033.673
  13551.778
  13543.122
  13549.682
  13548.861
  13757.549
  13923.215
  13928.992
  13543.031
  12042.739
  12044.539
  13917.058
  13550.411
  13549.408
  13550.137
  13551.596
  13927.644
  13916.481
  13549.317
  12844.836
   8717.610
  13548.770
  13547.859
  13553.237
  13548.588
  13550.228
  13117.975
  13543.941
  13550.411
  13547.585
  12043.243
  13548.861
  12046.989
