   9246.520
  12452.843
  12882.051
  12883.204
  13316.233
  14172.050
  15032.168
  15458.817
  15882.414
  15887.050
  15880.912
  15889.556
  15888.804
  15890.559
  15887.300
  15886.674
  15462.377
  15460.715
  15890.434
  13739.062
  15460.241
  15460.953
  15887.927
  15907.125
  15885.295
  15890.434
  15456.326
  15458.461
  12026.560
  12016.658
  13744.312
  13647.181
  15888.554
  13741.217
  15886.298
  15460.359
  15456.563
  12627.013
  11107.766
  15458.698
  15451.583
  12036.766
  14049.176
  15460.834
  15453.835
  15459.054
  15456.919
  15455.021
  15460.597
  15458.224
  15458.224
  13740.561
  15877.281
  15457.986
  15458.698
  15457.512
  15459.529
  12025.842
  13740.936
  13743.374
  13741.967
  15460.834
  15456.563
  15439.383
  13574.246
  15461.784
  13743.937
  15454.547
  15459.885
  15459.529
  15456.326
  13740.280
  15458.342
  15455.614
  12025.052
  13743.186
  13735.782
  13738.968
  13740.842
  15460.359
  15460.478
  13738.124
  15891.938
  15885.671
  15457.749
  15462.021
  15461.784
  15460.241
  15878.658
  15888.554
  15886.924
  13742.249
  15457.868
  15462.377
  15887.551
  15887.802
  15457.749
  15460.953
  15478.537
  13740.280
  15457.275
