   7522.035
  11294.567
  11663.241
  12424.804
  12801.323
  12166.991
  13931.112
  13921.098
  13928.511
  13930.341
  13929.089
  13916.481
  12456.000
  13544.943
  13551.687
  13901.210
  12036.910
  13540.117
  13544.124
  13931.497
  13931.497
  13928.125
   6351.273
  12048.070
  13542.120
  13552.873
  13552.781
  13548.588
  13552.599
  13918.885
  13911.387
  13928.800
  13931.497
  13550.137
  13554.970
  13915.616
  13928.222
  13543.668
  13920.040
  13920.617
  13931.112
  13928.703
  13916.481
  13920.713
  13552.964
  13543.668
  13552.873
  13551.231
  13552.690
  13516.493
  13554.788
  12047.637
  13536.204
  12033.817
  13921.483
  13552.599
  13537.660
  13932.076
  13915.039
  12045.044
  13929.956
  13928.029
  13554.879
  13551.596
  12850.326
  13551.140
  13550.958
  13550.867
  13551.687
  12046.701
  13932.365
  13927.933
  13904.376
  13930.148
  13930.823
  13928.414
  12047.277
  13929.281
  13901.018
  13930.726
  13922.926
  13927.644
  13929.956
  10539.492
  13552.417
  13551.414
  13538.115
  13554.058
  12046.412
  13554.149
  13546.765
  13925.333
  13931.979
  13542.029
  13551.961
  13544.852
  13554.697
  13548.223
  13912.444
  13931.786
  13928.992
