           8.114
           5.404
           5.233
           4.912
           4.768
           5.016
           4.381
           4.384
           4.382
           4.381
           4.382
           4.386
           4.900
           4.506
           4.504
           4.391
           5.071
           4.508
           4.506
           4.381
           4.381
           4.382
           9.610
           5.066
           4.507
           4.503
           4.504
           4.505
           4.504
           4.385
           4.387
           4.382
           4.381
           4.504
           4.503
           4.386
           4.382
           4.507
           4.385
           4.385
           4.381
           4.382
           4.386
           4.384
           4.503
           4.507
           4.503
           4.504
           4.504
           4.516
           4.503
           5.066
           4.509
           5.072
           4.384
           4.504
           4.509
           4.381
           4.386
           5.067
           4.382
           4.382
           4.503
           4.504
           4.750
           4.504
           4.504
           4.504
           4.504
           5.067
           4.381
           4.382
           4.390
           4.382
           4.381
           4.382
           5.066
           4.382
           4.391
           4.381
           4.384
           4.382
           4.382
           5.791
           4.504
           4.504
           4.508
           4.503
           5.067
           4.503
           4.506
           4.383
           4.381
           4.507
           4.504
           4.506
           4.503
           4.505
           4.387
           4.381
           4.382
