           6.057
           5.791
           5.796
           5.595
           5.405
           5.232
           5.067
           4.772
           4.505
           4.382
           4.383
           4.505
           4.505
           4.505
           4.507
           4.505
           5.067
           4.383
           4.389
           4.386
           4.385
           4.504
           4.505
           4.508
           5.067
           4.383
           4.505
           4.507
           4.508
           4.505
           4.384
           4.383
           4.383
           4.384
           4.382
           4.384
           4.383
           4.386
           4.383
           4.383
           4.383
           4.505
           4.505
           4.728
           5.070
           4.504
           4.505
           5.068
           4.505
           4.505
           4.505
           4.507
           4.504
           4.504
           4.383
           5.068
           4.383
           4.384
           4.383
           4.383
           4.510
           4.420
           4.518
           4.505
           4.505
           4.504
           4.504
           4.508
           5.072
           4.504
           4.507
           4.505
           4.505
           4.436
           4.384
           4.382
           4.507
           5.068
           5.067
           4.386
           4.504
           4.505
           4.504
           4.504
           4.382
           4.386
           4.505
           4.752
           7.001
           4.505
           4.505
           4.503
           4.505
           4.504
           4.653
           4.506
           4.504
           4.505
           5.068
           4.505
           5.066
