          22.819
          19.289
          18.220
          17.627
          17.076
          15.546
          18.790
          14.751
          14.757
          14.763
          18.268
          17.085
          18.321
          16.045
          18.556
          14.765
          14.767
          14.756
          17.647
          14.927
          14.764
          14.923
          15.016
          18.119
          16.287
          14.772
          15.933
          14.762
          18.771
          14.761
          14.763
          17.072
          16.684
          14.765
          16.914
          14.762
          14.759
          14.777
          18.138
          14.755
          18.042
          14.761
          18.632
          14.750
          18.642
          14.757
          17.831
          14.767
          18.602
          14.749
          17.474
          14.764
          14.779
          14.762
          15.985
          15.179
          14.773
          14.769
          14.856
          14.931
          17.192
          15.173
          16.534
          15.171
          20.056
          14.800
          15.489
          15.172
          14.762
          14.767
          14.766
          15.183
          15.178
          14.775
          14.890
          14.765
          18.932
          14.769
          15.182
          15.177
          14.765
          15.746
          14.762
          14.764
          14.756
          14.763
          18.780
          17.063
          17.107
          14.770
          14.767
          14.756
          16.083
          14.779
          18.455
          17.072
          18.669
          14.780
          17.200
          14.775
          14.771
