           4.366
           4.073
           3.940
           3.817
           3.703
           3.500
           3.302
           4.363
           3.393
           3.303
           3.304
           3.301
           3.302
           3.302
           3.305
           3.302
           3.394
           3.393
           3.394
           3.820
           3.817
           3.817
           3.302
           3.303
           3.393
           3.395
           3.395
           3.397
           3.394
           3.303
           3.302
           3.392
           3.395
           3.394
           3.394
           3.395
           3.416
           3.396
           3.394
           3.394
           3.395
           3.394
           3.400
           3.393
           3.394
           3.394
           3.393
           3.393
           3.817
           3.393
           3.393
           3.394
           3.397
           3.301
           3.402
           3.305
           3.302
           3.394
           3.394
           3.392
           3.395
           3.394
           3.308
           3.302
           3.305
           3.393
           3.817
           3.301
           3.819
           3.302
           3.302
           3.302
           3.395
           3.818
           3.394
           3.394
           3.404
           3.394
           3.307
           3.300
           3.820
           3.394
           3.306
           3.303
           3.302
           3.818
           3.593
           3.393
           3.820
           3.394
           3.393
           3.396
           3.394
           3.396
           3.393
           3.393
           3.394
           3.401
           3.393
           3.302
           3.301
