           6.601
           4.901
           4.738
           4.738
           4.584
           4.307
           4.060
           3.948
           3.843
           3.842
           3.843
           3.841
           3.841
           3.841
           3.842
           3.842
           3.947
           3.948
           3.841
           4.442
           3.948
           3.948
           3.842
           3.837
           3.842
           3.841
           3.949
           3.948
           5.075
           5.079
           4.441
           4.472
           3.841
           4.442
           3.842
           3.948
           3.949
           4.834
           5.495
           3.948
           3.950
           5.071
           4.344
           3.948
           3.950
           3.948
           3.949
           3.949
           3.948
           3.948
           3.948
           4.442
           3.844
           3.948
           3.948
           3.949
           3.948
           5.075
           4.442
           4.441
           4.442
           3.948
           3.949
           3.953
           4.496
           3.947
           4.441
           3.949
           3.948
           3.948
           3.949
           4.442
           3.948
           3.949
           5.076
           4.441
           4.444
           4.442
           4.442
           3.948
           3.948
           4.443
           3.841
           3.842
           3.949
           3.947
           3.947
           3.948
           3.844
           3.841
           3.842
           4.441
           3.948
           3.947
           3.842
           3.842
           3.949
           3.948
           3.943
           4.442
           3.949
