   7708.671
  11583.888
  10948.546
  11986.409
  12383.401
  13181.849
  12499.598
  14367.155
  14781.959
  14779.356
  14777.079
  14748.513
  14779.356
  14780.006
  14753.158
  14780.657
  14381.414
  14378.950
  14776.753
  12781.177
  14373.819
  14379.155
  14780.766
  14774.477
  14777.838
  14777.946
  14381.619
  14382.235
  11185.118
  11169.116
  12787.994
  12780.691
  14779.139
  12780.123
  14785.323
  14381.825
  14369.717
  14778.380
  13883.579
  14380.182
  13682.503
  11182.820
  14370.640
  14374.640
  14384.803
  14375.563
  13454.104
  14378.745
  14367.872
  14380.592
  14369.102
  12769.995
  14781.308
  14374.229
  14378.129
  14378.231
  14358.040
  11183.069
  12782.394
  12778.988
  12786.614
  14377.821
  11002.311
  14373.101
   7551.420
  14375.255
  12792.055
  14376.384
  14390.867
  14369.410
  13477.782
  12765.705
  14369.000
  14356.095
  11183.814
  12783.530
  12783.367
  12779.393
  12780.772
  14356.709
  14378.437
  12781.421
  11319.322
  14768.736
  14369.205
  12502.158
  14379.976
  14382.030
  14783.695
  14777.946
  14779.356
  12768.537
  14355.993
  14384.187
  14709.630
  14772.310
  14383.981
  14356.709
  14368.692
  12787.019
  14381.927
