  12877.768
  13789.478
  14193.622
  14723.501
  15108.959
  16114.313
  17022.990
  12872.007
  16561.774
  16938.954
  16995.411
  17005.599
  17023.997
  16944.369
  17023.134
  17019.681
  16557.417
  16563.272
  16569.131
  14725.115
  14721.994
  14708.555
  17008.327
  16997.419
  16564.090
  16587.279
  16558.098
  16554.560
  16561.910
  17020.832
  17023.134
  16555.240
  16523.189
  16519.665
  16561.774
  16530.511
  16552.927
  14349.447
  16554.424
  16561.774
  16560.004
  16559.732
  16565.588
  16565.588
  15592.854
  16564.362
  16487.886
  16526.578
  14725.976
  16559.187
  16557.554
  16557.145
  16521.562
  16936.675
  16546.672
  13196.358
  16883.719
  16564.771
  16559.595
  16559.732
  16552.247
  16555.648
  17019.538
  17017.093
  17001.293
  16561.093
  14720.488
  16463.493
  14719.735
  17008.471
  16941.946
  17020.401
  16561.774
  14726.622
  16561.502
  16533.225
  16475.748
  16564.907
  17020.401
  17022.846
  14723.285
  16563.136
  17021.264
  17022.558
  16994.407
  14723.178
  16547.079
  16563.000
  14730.823
  16565.452
  16481.275
  16486.941
  16562.591
  16567.359
  16483.433
  16487.481
  16557.962
  16550.615
  16569.131
  14936.855
  16984.662
