   9200.649
  13845.785
  14286.850
  15226.490
  15682.453
  16150.103
  17070.022
  17068.141
  17067.997
  17030.186
  17071.035
  17070.022
  17078.127
  16597.804
  16606.563
  17065.683
  14763.215
  16283.542
  16591.925
  17066.261
  17070.022
  16047.550
  16383.811
  14748.189
  15381.139
  16605.741
  16620.129
  16625.753
  16610.671
  16863.081
  16969.208
  17060.768
  17053.546
  16583.319
  16494.097
  17047.195
  17077.548
  16606.289
  17041.425
  17053.834
  17077.693
  17063.514
  17054.123
  17024.573
  16602.730
  16591.378
  16602.045
  16610.808
  16611.630
  16603.140
  16604.509
  14766.245
  16602.045
  14751.213
  17073.350
  16608.617
  16603.825
  14991.665
  17059.757
  14760.943
  17054.845
  17079.865
  16586.323
  16599.172
  16594.796
  16611.219
  16565.724
  16607.384
  16608.069
  14766.462
  17069.154
  17082.328
  17029.323
  17072.337
  17063.370
  17071.903
  14760.943
  17072.771
  17031.771
  17066.695
  17077.403
  17043.012
  17033.787
  12916.748
  16562.046
  16603.962
  16598.215
  16604.509
  14764.513
  16622.186
  16578.541
  17061.491
  17073.350
  16613.137
  16601.635
  16613.274
  16603.825
  16613.411
  17076.534
  17068.286
  17069.733
