  12374.652
  11263.996
  11353.394
  11624.536
  12073.129
  12623.848
  13299.790
  14426.015
  14430.562
  17042.867
  15068.380
  15279.973
  14666.037
  15406.552
  16574.585
  14568.022
  13759.146
  14908.441
  14944.613
  17056.289
  16753.674
  14409.605
  14422.502
  16496.529
  14737.074
  16722.099
  15543.038
  14775.669
  14669.562
  14486.817
  15640.682
  16034.520
  15138.143
  15378.790
  15130.523
  16109.028
  14829.629
  14991.888
  15072.213
  15072.213
  14829.083
  14636.409
  15215.908
  15746.944
  13935.835
  14249.050
  15408.556
  14704.475
  15537.882
  14659.312
  14497.349
  16612.041
  14781.416
  16167.215
  17038.254
  12826.676
  14815.775
  14925.565
  14830.939
  16961.206
  14621.428
  14888.604
  15397.954
  15399.838
  13751.819
  15672.203
  14487.026
  15814.576
  14690.104
  14431.183
  14543.513
  14542.778
  14658.672
  14423.639
  15061.957
  17019.106
  14663.367
  12879.827
  13138.512
  16177.084
  14578.989
  14466.839
  15744.606
  14432.217
  15571.276
  16688.846
  14720.918
  14535.012
  10370.775
  14424.775
  14430.149
  16600.814
  16306.216
  14428.081
  15150.440
  14430.045
  16021.510
  14471.205
  13248.439
  14819.045
  14744.086
