   1983.712
   2604.273
   2777.474
   2868.818
   2965.777
   3346.337
   3423.027
   3423.847
   3438.360
   3209.219
   3427.500
   2972.720
   3442.338
   2966.009
   3427.156
   3431.909
   3441.926
   3431.623
   3426.392
   3426.754
   3438.647
   3441.444
   3118.218
   3432.114
   3000.320
   3436.266
   3435.504
   3429.718
   3425.984
   3430.962
   2453.525
   2962.689
   2966.397
   3442.573
   3429.852
   3422.387
   3428.609
   3436.565
   3441.903
   3432.143
   3429.636
   3433.665
   3430.121
   3433.741
   3432.278
   3426.824
   3442.103
   3445.954
   3444.805
   3433.419
   3430.769
   3443.957
   3430.787
   3427.348
   3353.887
   3336.420
   3431.699
   3431.453
   3429.887
   3427.488
   3432.962
   3345.531
   2858.063
   3035.463
   2960.977
   3431.944
   3332.848
   3338.599
   3426.229
   3429.800
   3434.888
   3293.221
   3337.095
   3423.533
   3425.233
   3427.564
   3430.290
   3434.871
   3309.383
   3311.353
   3425.757
   2964.922
   3432.330
   3438.636
   3433.512
   3428.661
   3426.655
   3159.170
   2976.973
   3436.477
   3426.672
   3424.220
   2828.563
   3431.395
   3423.527
   2973.444
   3389.507
   3432.249
   3426.072
   3443.609
   3437.831
