           7.918
           5.269
           5.575
           5.092
           4.929
           4.630
           4.883
           4.248
           4.129
           4.130
           4.130
           4.138
           4.130
           4.130
           4.137
           4.129
           4.244
           4.245
           4.130
           4.775
           4.246
           4.245
           4.129
           4.131
           4.130
           4.130
           4.244
           4.244
           5.457
           5.465
           4.773
           4.776
           4.130
           4.776
           4.128
           4.244
           4.247
           4.130
           4.396
           4.244
           4.461
           5.458
           4.247
           4.246
           4.243
           4.246
           4.537
           4.245
           4.248
           4.244
           4.248
           4.780
           4.129
           4.246
           4.245
           4.245
           4.251
           5.458
           4.775
           4.776
           4.773
           4.245
           5.547
           4.246
           8.083
           4.246
           4.771
           4.246
           4.241
           4.248
           4.529
           4.781
           4.248
           4.252
           5.457
           4.775
           4.775
           4.776
           4.776
           4.251
           4.245
           4.775
           5.392
           4.133
           4.248
           4.882
           4.244
           4.244
           4.129
           4.130
           4.130
           4.780
           4.252
           4.243
           4.149
           4.132
           4.243
           4.251
           4.248
           4.773
           4.244
