           4.740
           4.426
           4.300
           4.145
           4.040
           3.788
           3.585
           4.742
           3.685
           3.603
           3.591
           3.589
           3.585
           3.602
           3.585
           3.586
           3.686
           3.685
           3.684
           4.145
           4.146
           4.150
           3.589
           3.591
           3.685
           3.680
           3.686
           3.687
           3.685
           3.586
           3.585
           3.687
           3.694
           3.695
           3.685
           3.692
           3.687
           4.253
           3.687
           3.685
           3.686
           3.686
           3.684
           3.684
           3.914
           3.685
           3.702
           3.693
           4.145
           3.686
           3.686
           3.686
           3.694
           3.604
           3.689
           4.625
           3.615
           3.685
           3.686
           3.686
           3.687
           3.687
           3.586
           3.587
           3.590
           3.685
           4.146
           3.707
           4.146
           3.589
           3.603
           3.586
           3.685
           4.145
           3.685
           3.692
           3.705
           3.685
           3.586
           3.585
           4.145
           3.685
           3.586
           3.586
           3.591
           4.146
           3.689
           3.685
           4.143
           3.684
           3.703
           3.702
           3.685
           3.684
           3.703
           3.702
           3.686
           3.688
           3.684
           4.086
           3.594
