           4.932
           5.419
           5.376
           5.251
           5.055
           4.835
           4.589
           4.231
           4.230
           3.581
           4.051
           3.994
           4.162
           3.962
           3.682
           4.190
           4.436
           4.094
           4.084
           3.578
           3.643
           4.236
           4.232
           3.700
           4.142
           3.650
           3.927
           4.131
           4.161
           4.213
           3.902
           3.806
           4.032
           3.969
           4.034
           3.789
           4.116
           4.071
           4.050
           4.050
           4.116
           4.170
           4.011
           3.876
           4.380
           4.283
           3.961
           4.151
           3.928
           4.164
           4.210
           3.674
           4.129
           3.775
           3.582
           4.758
           4.120
           4.089
           4.115
           3.599
           4.174
           4.099
           3.964
           3.963
           4.438
           3.894
           4.213
           3.859
           4.155
           4.229
           4.197
           4.197
           4.164
           4.232
           4.052
           3.586
           4.162
           4.739
           4.646
           3.773
           4.187
           4.219
           3.877
           4.229
           3.920
           3.657
           4.146
           4.199
           5.885
           4.231
           4.230
           3.677
           3.743
           4.230
           4.029
           4.230
           3.810
           4.218
           4.607
           4.119
           4.140
