          30.768
          23.437
          21.975
          21.275
          20.580
          18.239
          17.831
          17.826
          17.751
          19.019
          17.807
          20.532
          17.731
          20.578
          17.809
          17.785
          17.733
          17.786
          17.813
          17.811
          17.750
          17.735
          19.574
          17.784
          20.343
          17.762
          17.766
          17.796
          17.815
          17.790
          24.877
          20.601
          20.576
          17.730
          17.795
          17.834
          17.802
          17.761
          17.733
          17.783
          17.796
          17.776
          17.794
          17.775
          17.783
          17.811
          17.732
          17.712
          17.718
          17.777
          17.791
          17.722
          17.790
          17.808
          18.198
          18.294
          17.786
          17.787
          17.795
          17.808
          17.779
          18.244
          21.355
          20.107
          20.613
          17.784
          18.313
          18.282
          17.814
          17.796
          17.769
          18.534
          18.290
          17.828
          17.819
          17.807
          17.793
          17.769
          18.443
          18.432
          17.817
          20.586
          17.782
          17.750
          17.776
          17.801
          17.812
          19.320
          20.502
          17.761
          17.812
          17.825
          21.578
          17.787
          17.828
          20.527
          18.007
          17.783
          17.815
          17.724
          17.754
