           6.634
           4.408
           4.272
           4.008
           3.892
           3.779
           3.576
           3.576
           3.576
           3.584
           3.575
           3.576
           3.574
           3.677
           3.675
           3.576
           4.134
           3.748
           3.679
           3.576
           3.576
           3.803
           3.725
           4.138
           3.968
           3.676
           3.672
           3.671
           3.674
           3.619
           3.597
           3.578
           3.579
           3.681
           3.700
           3.580
           3.574
           3.675
           3.582
           3.579
           3.574
           3.577
           3.579
           3.585
           3.676
           3.679
           3.676
           3.674
           3.674
           3.676
           3.676
           4.133
           3.676
           4.138
           3.575
           3.675
           3.676
           4.071
           3.578
           4.135
           3.579
           3.574
           3.680
           3.677
           3.678
           3.674
           3.684
           3.675
           3.675
           4.133
           3.576
           3.573
           3.584
           3.575
           3.577
           3.575
           4.135
           3.575
           3.584
           3.576
           3.574
           3.581
           3.583
           4.725
           3.685
           3.676
           3.677
           3.676
           4.134
           3.672
           3.682
           3.577
           3.575
           3.674
           3.676
           3.674
           3.676
           3.674
           3.574
           3.576
           3.576
