O0
    UNROLL;           0.125;           0.000;           0.000;          8;       1000;          39.193;          15.128;          15.310;          15.182;           0.034 ( 0.223 %);   4020.103
O1
    UNROLL;           0.125;           0.000;           0.000;          8;       1000;         533.195;           3.936;           3.986;           3.948;           0.009 ( 0.230 %);  15458.817
O2
    UNROLL;           0.125;           0.000;           0.000;          8;       1000;         176.000;           4.495;           4.539;           4.506;           0.009 ( 0.202 %);  13544.579
O3
    UNROLL;           0.125;           0.000;           0.000;          8;       1000;         122.081;           3.939;           3.995;           3.950;           0.010 ( 0.261 %);  15451.464
Ofast
    UNROLL;           0.125;           0.000;           0.000;          8;       1000;         743.226;           3.107;           3.383;           3.124;           0.048 ( 1.526 %);  19535.228
