O0
      BASE;           0.125;           0.000;           0.000;          8;       1000;         277.812;          17.688;          18.061;          17.819;           0.074 ( 0.418 %);   3425.279
O1
      BASE;           0.125;           0.000;           0.000;          8;       1000;         106.096;           4.226;           4.325;           4.243;           0.017 ( 0.399 %);  14383.468
O2
      BASE;           0.125;           0.000;           0.000;          8;       1000;         166.315;           3.938;           4.517;           4.450;           0.152 ( 3.412 %);  13715.765
O3
      BASE;           0.125;           0.000;           0.000;          8;       1000;         126.593;           3.669;           4.234;           4.189;           0.121 ( 2.877 %);  14570.762
Ofast
      BASE;           0.125;           0.000;           0.000;          8;       1000;         187.507;           3.938;           4.265;           3.957;           0.056 ( 1.404 %);  15423.068
