  30678.875
  31496.351
  30673.735
  26537.724
  29843.389
  22221.537
  29844.715
  29844.715
  29856.218
  29842.947
  26603.270
  29859.316
  29837.200
  29847.811
  29832.780
  26531.432
  30683.081
  30683.081
  30646.666
  30681.679
  30681.679
  26522.348
  30662.995
  29859.316
  29850.465
  29856.218
  29853.120
  29840.294
  29857.103
  29849.581
  29846.484
  29838.526
  29857.103
  29854.890
  29838.968
  29792.624
  29731.934
  29850.465
  27363.332
  27258.532
  26531.082
  27348.471
  26461.371
  29861.972
  29837.642
  26532.830
  26431.854
  26534.228
  29857.103
  30684.951
  30671.867
  30681.679
  30666.263
  29847.369
  29852.678
  24538.988
  29848.696
  29831.897
  29738.958
  26431.161
  30785.788
  26480.505
  29857.988
  29842.062
  29850.908
  26521.300
  30677.006
  30762.748
  29839.852
  29843.831
  29844.273
  29858.431
  29842.947
  29851.793
  26526.889
  29861.529
  26540.172
  30682.146
  30690.094
  23229.767
  26548.567
  26537.024
  30671.400
  29850.908
  30688.691
  29826.595
  30658.328
  30638.274
  29851.793
  30675.604
  29767.967
  29833.222
  29838.526
  29847.811
  29888.560
  29836.316
  30691.964
  30668.598
  29858.431
  29858.431
  29832.780
