  31486.504
  30342.420
  30277.651
  25984.469
  29275.584
  29703.872
  29365.216
  30302.249
  30356.596
  29519.722
  29534.006
  12101.419
  29508.478
  29467.896
  29756.972
  27407.268
  30392.325
  29580.417
  29445.494
  29247.951
  29235.640
  26411.405
  30476.481
  29993.152
  29527.945
  26320.633
  29793.946
  29910.308
  29371.639
  29824.829
  29580.417
  29151.858
  29357.940
  29618.260
  29458.845
  29417.970
  23799.600
  28762.622
  16892.498
  26804.718
  25768.057
  24537.195
  13001.124
  24476.366
  21504.101
  23767.304
  23649.260
  24539.885
  25394.762
  27028.451
  27807.601
  28469.902
  29561.314
  29360.079
  29512.801
  29305.827
  30320.038
  30378.115
  30330.083
  30383.614
  30279.927
  29508.910
  29217.827
  29247.102
  29421.838
  29621.309
  28578.160
  27394.222
  27281.053
  27859.141
  28355.673
  29560.013
  29320.758
  29296.023
  29832.780
  29547.437
  29274.733
  29467.034
  29534.439
  26284.568
  30376.741
  29797.913
  29459.707
  29564.786
  29536.605
  29400.364
  29514.964
  26046.634
  29779.850
  29362.647
  29655.764
  29616.083
  29449.800
  30358.426
  30307.720
  30027.583
  30060.746
  29420.978
  29511.072
  29414.963
  29434.306
