  25186.132
  24530.321
  24530.321
  21212.851
  23804.944
  24523.751
  24502.569
  23872.377
  23849.480
  23850.327
  14620.048
  21154.034
  18401.047
  19883.906
  20530.867
  21863.102
  21213.744
  23069.066
  23835.933
  23863.891
  23857.955
  23861.064
  23821.837
  23870.113
  23864.174
  23863.891
  21220.896
  12176.332
  18553.428
  24540.782
  21209.947
  23833.676
  23863.609
  23864.740
  23859.651
  23855.412
  23867.002
  23861.064
  23829.165
  23849.480
  23858.803
  23853.435
  23861.064
  23859.086
  23866.153
  23871.245
  23866.719
  23852.305
  23867.568
  23860.216
  21210.393
  23847.786
  23871.811
  23870.962
  23865.305
  23872.377
  23858.803
  23874.640
  23873.225
  21211.734
  21183.847
  24503.165
  24524.945
  24516.586
  24526.737
  24499.588
  24496.013
  24507.935
  23855.977
  18564.544
  24524.945
  24464.177
  23862.478
  23861.347
  23861.347
  23849.480
  23865.588
  23870.396
  21204.364
  23806.070
  23846.092
  23855.130
  21213.968
  23862.760
  23867.002
  21209.277
  23866.436
  23844.963
  23828.601
  21194.101
  23863.891
  23865.305
  23865.871
  23846.939
  18556.163
  23860.216
  24505.848
  21225.816
  24528.230
  24527.036
  21214.861
