   6229.002
   8375.165
   8147.897
   8144.339
   8142.034
   8134.241
   8374.364
   8141.475
   7241.846
   8370.362
   8372.519
   8366.607
   7341.545
   8369.805
   8375.687
   8373.946
   8140.060
   8138.810
   7244.451
   8369.318
   8140.422
   8150.172
   8364.835
   8365.738
   8372.345
   8365.946
   8144.701
   8144.899
   8371.893
   8368.762
   8369.214
   8375.792
   8372.206
   8371.092
   8370.640
   8366.954
   8366.780
   8138.119
   8144.668
   8145.459
   7238.333
   8381.159
   7720.047
   8148.161
   8146.941
   8140.652
   8360.946
   8370.397
   8145.986
   8144.207
   8131.483
   8123.087
   8112.618
   8142.363
   8151.590
   8148.589
   8139.731
   7988.863
   8147.007
   8141.541
   8143.285
   8144.405
   5391.264
   8141.936
   8144.734
   6336.348
   8244.922
   8374.851
   8361.397
   8130.564
   8137.561
   8367.232
   8361.119
   8370.118
   8358.239
   8371.475
   8368.067
   8364.696
   8369.805
   8369.770
   7240.388
   8369.944
   8373.111
   8370.466
   8372.275
   8367.198
   8376.210
   8142.001
   8142.429
   8365.495
   8375.095
   8375.757
   8376.001
   8370.536
   8366.676
   8372.415
   8371.440
   8367.024
   8371.197
   8373.528
   8370.571
