  31155.800
  31144.720
  30298.602
  26265.373
  30332.824
  30205.455
  29251.774
  29562.182
  30373.534
  26412.098
  26368.875
  29493.354
  26156.226
  29492.922
  30416.650
  30314.106
  29283.671
  29480.404
  29978.867
  30412.517
  29439.039
  29509.775
  30314.106
  30051.327
  30408.384
  30322.777
  30373.992
  21347.297
  29241.157
  26255.787
  30226.306
  30011.476
  29408.520
  29499.402
  29531.841
  26309.975
  29533.573
  30398.288
  30067.028
  30328.713
  30984.219
  26254.760
  26157.924
  30365.749
  30097.130
  30307.264
  30428.138
  29834.106
  26195.005
  30329.626
  30264.457
  30287.212
  30254.002
  30064.784
  29920.972
  26082.387
  29288.781
  30129.546
  29576.507
  29531.408
  30342.877
  30762.748
  29234.367
  30265.822
  30089.936
  26018.371
  26142.646
  30096.681
  29343.398
  29263.674
  29569.126
  29483.856
  30203.190
  30403.335
  30205.002
  30050.431
  29532.274
  29520.587
  29315.637
  26235.951
  29497.674
  29474.364
  29930.309
  29264.099
  29310.091
  29555.675
  26295.206
  29920.083
  29471.345
  29449.800
  16799.788
  30209.079
  30038.330
  29386.209
  26002.248
  29551.339
  29136.255
  30088.138
  29200.037
  29596.064
  30261.274
