           1.959
           1.960
           2.014
           2.324
           2.012
           2.021
           2.087
           2.065
           2.009
           2.311
           2.315
           2.069
           2.333
           2.069
           2.007
           2.013
           2.084
           2.070
           2.036
           2.007
           2.073
           2.068
           2.013
           2.031
           2.007
           2.013
           2.009
           2.859
           2.087
           2.325
           2.019
           2.034
           2.075
           2.069
           2.067
           2.320
           2.067
           2.008
           2.030
           2.012
           1.970
           2.325
           2.333
           2.010
           2.028
           2.014
           2.006
           2.046
           2.330
           2.012
           2.017
           2.015
           2.017
           2.030
           2.040
           2.340
           2.084
           2.026
           2.064
           2.067
           2.012
           1.984
           2.088
           2.017
           2.028
           2.346
           2.335
           2.028
           2.080
           2.086
           2.064
           2.070
           2.021
           2.008
           2.021
           2.031
           2.067
           2.068
           2.082
           2.326
           2.069
           2.071
           2.039
           2.086
           2.082
           2.065
           2.321
           2.040
           2.071
           2.073
           3.633
           2.020
           2.032
           2.077
           2.347
           2.065
           2.095
           2.029
           2.090
           2.062
           2.017
