           1.989
           1.938
           1.990
           2.300
           2.045
           2.747
           2.045
           2.045
           2.044
           2.045
           2.294
           2.044
           2.046
           2.045
           2.046
           2.300
           1.989
           1.989
           1.992
           1.989
           1.989
           2.301
           1.991
           2.044
           2.045
           2.044
           2.045
           2.045
           2.044
           2.045
           2.045
           2.046
           2.044
           2.044
           2.045
           2.049
           2.053
           2.045
           2.231
           2.239
           2.301
           2.232
           2.307
           2.044
           2.046
           2.300
           2.309
           2.300
           2.044
           1.989
           1.990
           1.989
           1.990
           2.045
           2.045
           2.487
           2.045
           2.046
           2.052
           2.309
           1.983
           2.305
           2.044
           2.045
           2.045
           2.301
           1.990
           1.984
           2.045
           2.045
           2.045
           2.044
           2.045
           2.045
           2.301
           2.044
           2.300
           1.989
           1.989
           2.627
           2.299
           2.300
           1.990
           2.045
           1.989
           2.046
           1.991
           1.992
           2.045
           1.990
           2.050
           2.046
           2.046
           2.045
           2.042
           2.046
           1.989
           1.990
           2.044
           2.044
           2.046
