           2.423
           2.488
           2.488
           2.877
           2.564
           2.489
           2.491
           2.557
           2.559
           2.559
           4.175
           2.885
           3.317
           3.070
           2.973
           2.792
           2.877
           2.646
           2.561
           2.558
           2.558
           2.558
           2.562
           2.557
           2.558
           2.558
           2.876
           5.013
           3.290
           2.487
           2.878
           2.561
           2.558
           2.558
           2.558
           2.559
           2.557
           2.558
           2.561
           2.559
           2.558
           2.559
           2.558
           2.558
           2.557
           2.557
           2.557
           2.559
           2.557
           2.558
           2.878
           2.559
           2.557
           2.557
           2.557
           2.557
           2.558
           2.556
           2.557
           2.877
           2.881
           2.491
           2.489
           2.490
           2.489
           2.491
           2.492
           2.490
           2.558
           3.288
           2.489
           2.495
           2.558
           2.558
           2.558
           2.559
           2.557
           2.557
           2.878
           2.564
           2.560
           2.559
           2.877
           2.558
           2.557
           2.878
           2.557
           2.560
           2.561
           2.880
           2.558
           2.557
           2.557
           2.559
           3.289
           2.558
           2.491
           2.876
           2.488
           2.488
           2.877
