           9.799
           7.288
           7.491
           7.494
           7.496
           7.503
           7.288
           7.497
           8.428
           7.292
           7.290
           7.295
           8.314
           7.292
           7.287
           7.289
           7.498
           7.499
           8.425
           7.293
           7.498
           7.489
           7.297
           7.296
           7.290
           7.296
           7.494
           7.494
           7.290
           7.293
           7.293
           7.287
           7.290
           7.291
           7.292
           7.295
           7.295
           7.500
           7.494
           7.493
           8.432
           7.282
           7.906
           7.491
           7.492
           7.498
           7.300
           7.292
           7.493
           7.494
           7.506
           7.514
           7.523
           7.496
           7.488
           7.490
           7.498
           7.640
           7.492
           7.497
           7.495
           7.494
          11.321
           7.496
           7.494
           9.633
           7.403
           7.288
           7.300
           7.507
           7.500
           7.295
           7.300
           7.292
           7.302
           7.291
           7.294
           7.297
           7.292
           7.292
           8.430
           7.292
           7.289
           7.292
           7.290
           7.295
           7.287
           7.496
           7.496
           7.296
           7.288
           7.287
           7.287
           7.292
           7.295
           7.290
           7.291
           7.295
           7.291
           7.289
           7.292
