           1.938
           2.012
           2.016
           2.349
           2.085
           2.055
           2.078
           2.014
           2.011
           2.068
           2.067
           5.044
           2.068
           2.071
           2.051
           2.227
           2.008
           2.063
           2.073
           2.087
           2.088
           2.311
           2.003
           2.035
           2.067
           2.319
           2.049
           2.041
           2.078
           2.046
           2.063
           2.094
           2.079
           2.061
           2.072
           2.075
           2.565
           2.122
           3.613
           2.277
           2.369
           2.487
           4.695
           2.494
           2.838
           2.568
           2.581
           2.487
           2.403
           2.258
           2.195
           2.144
           2.065
           2.079
           2.068
           2.083
           2.013
           2.009
           2.012
           2.009
           2.016
           2.068
           2.089
           2.087
           2.074
           2.061
           2.136
           2.228
           2.237
           2.191
           2.152
           2.065
           2.082
           2.083
           2.046
           2.066
           2.085
           2.071
           2.067
           2.322
           2.009
           2.048
           2.072
           2.064
           2.066
           2.076
           2.068
           2.343
           2.050
           2.079
           2.058
           2.061
           2.073
           2.010
           2.014
           2.033
           2.030
           2.075
           2.068
           2.075
           2.074
