   6856.249
  13281.549
  13281.286
  14147.165
  15001.267
  15857.406
  15863.151
  13710.444
  15860.653
  15862.651
  15861.652
  13707.365
  13719.129
  15431.576
  15427.321
  15850.792
  15861.152
  15857.906
  15421.061
  15431.812
  15857.531
  15435.715
  15430.039
  15407.966
  15428.739
  15422.123
  15434.887
  15423.068
  15434.296
  15419.290
  15433.468
  15427.321
  15417.992
  15433.941
  15431.339
  15434.059
  15430.394
  15433.350
  15408.084
  15422.714
  15849.545
  15843.187
  15428.384
  15415.513
  15402.900
  15412.329
  15421.769
  15423.659
  15411.149
  15432.758
  15421.533
  15430.512
  15415.042
  15849.420
  15853.537
  10929.594
  11351.922
  15419.054
  14566.863
  13281.023
  13708.577
  14568.654
  14578.989
  15002.385
  14568.233
  13704.287
  14148.059
  13285.754
  12862.554
  12814.191
  12426.261
  12431.169
  12409.800
  12798.639
  12841.724
  13244.954
  14133.664
  14571.711
  15424.013
  15848.547
  15426.021
  15434.532
  15430.630
  15426.257
  15426.612
  15859.154
  14135.052
  15423.541
  15422.478
  15433.586
  15297.845
  15431.694
  15433.231
  15380.904
  15429.330
  15426.494
  15426.139
  13709.231
  15862.277
  15860.778
  15852.913
