   6097.954
  10609.945
  11672.772
  11669.255
  12286.334
  12646.676
  14151.141
  13169.610
  14510.509
  12104.619
  13882.143
  10694.675
  12896.568
  13543.668
  15212.460
  13770.246
  15383.254
  15343.527
  13768.834
  13620.971
  13531.385
  13717.073
  13762.249
  14430.459
  15316.691
  13673.585
  14394.981
  14204.232
  15115.081
  14099.629
  15528.299
  13823.264
  15345.631
  15270.936
  13621.155
  13874.206
  14043.984
  13716.980
  12150.037
  15272.558
  13717.540
  13999.181
  12802.055
  14368.692
  14411.667
  13878.700
  13614.526
  13652.824
  15023.982
  13585.874
  11158.782
  13742.624
  13656.527
  14104.862
  13881.186
  13574.612
  12147.618
  13715.765
  13766.576
  15342.125
  13718.848
  13665.236
  11423.128
  12196.239
  13198.866
  11084.354
  13551.961
  13154.214
  13847.593
  14423.639
  12285.510
  13771.188
  13717.073
  14120.485
  14127.220
  14707.267
  15276.264
  13718.475
  15381.844
  15040.587
  14567.917
  13615.262
  13664.216
  13703.914
  15704.708
  14053.195
  13580.653
   8612.123
  10175.815
   9273.596
  12692.500
  11427.276
  11859.931
   7719.899
  10924.851
  11002.492
  11915.710
  11558.893
  11830.811
  11657.976
  11849.046
