   8633.607
  12182.150
  12187.531
   8541.164
  13348.622
  12188.195
  12423.885
  12935.828
  13282.863
  15878.157
  14620.791
  14907.448
  14912.966
  16055.737
  14391.998
  14978.621
  15256.593
  14851.060
  15310.404
  14929.658
  14804.776
  14971.940
  14911.973
  15567.786
  13105.087
  15144.061
  14968.157
  15751.008
  14921.142
  14396.524
  11612.807
  14850.293
  14630.243
  12949.218
  13376.724
  13018.014
  14509.045
  14567.390
  14508.105
  14777.187
  14867.284
  15484.963
  14570.762
  15169.953
  14688.283
  16184.103
  14894.880
  14368.077
  12901.442
  14843.618
  15652.229
  15281.132
  13004.566
  14967.712
  14921.473
  12951.549
  13437.140
  13003.223
  14629.393
  14479.423
  14515.214
  14925.233
  12801.404
  14862.896
  13002.887
  13191.777
  14510.822
  14562.756
  14103.578
  14458.116
  16165.917
  12847.785
  14618.350
  10810.452
  13693.665
  10174.427
  12904.087
  12086.025
   7737.069
  12240.712
  11528.327
  12237.365
  12440.997
  12541.392
  13454.464
  13756.233
  14846.791
  14907.227
  14571.395
  14620.685
  14716.508
  14719.197
  14748.837
  14425.808
  14390.045
  15592.130
  14936.855
  14686.034
  14579.200
  14747.865
  14851.827
