   1677.159
   2477.679
   2779.950
   2870.785
   3067.780
   3244.898
   3434.484
   3429.274
   3431.734
   3426.690
   3428.976
   3427.786
   3428.690
   2966.751
   3433.934
   3424.656
   3442.850
   3428.906
   3423.399
   3431.652
   3429.864
   3440.116
   3442.526
   3333.968
   3341.296
   3335.415
   3350.255
   3438.348
   3334.316
   3331.779
   3334.393
   3332.170
   3428.568
   3444.628
   3426.130
   3335.647
   3335.105
   3440.897
   2792.732
   2975.359
   2965.284
   3425.664
   3424.994
   3431.751
   3430.396
   3430.606
   3432.371
   3436.600
   3435.252
   2769.252
   3436.436
   3439.792
   3431.044
   2949.979
   3334.680
   3332.065
   3425.279
   3437.720
   3431.845
   3423.626
   3427.990
   3340.365
   2966.629
   3432.167
   3440.486
   3425.501
   3433.752
   3425.769
   3340.493
   2822.846
   3430.863
   2734.041
   3334.382
   3345.075
   3428.241
   3426.765
   3443.898
   3338.765
   3345.664
   3429.192
   3435.691
   3072.736
   3342.239
   3175.897
   3342.466
   3333.422
   3345.336
   3441.085
   3424.080
   3426.806
   2593.739
   2826.784
   3428.206
   3426.660
   2974.673
   2829.290
   3427.104
   3425.681
   3429.695
   3334.410
   3350.763
