   5790.545
  11186.547
  11984.126
  12384.010
  12784.909
  13188.495
  13979.942
  14374.127
  12781.745
  14766.678
  14786.300
  14376.487
  14376.692
  14390.662
  14386.653
  14786.951
  14781.308
  14753.915
  14789.448
  14756.509
  14774.802
  14775.128
  14780.983
  14784.237
  14783.586
  14779.898
  14784.346
  14779.573
  12784.990
  14377.616
  14780.874
  14769.602
  14384.187
  14384.803
  14781.308
  14380.284
  14379.874
  14380.592
  14381.311
  14372.691
  14385.111
  14780.115
  14784.020
  14387.372
  14383.468
  14381.311
  14384.187
  14376.589
  14381.414
  14383.981
  14379.874
  14382.852
  14780.006
  14772.418
  14382.646
  14375.050
  12776.394
  14354.765
  14381.722
  14383.468
  14784.889
  14787.168
  14786.625
  14780.006
  14782.610
  14785.757
  14779.139
  14778.705
  14784.237
  12779.312
  14781.416
  14781.416
  14775.128
  12768.214
  11188.660
  14379.155
  14385.625
  14015.741
   8617.723
  14376.076
  14081.786
  14387.064
  14380.490
  14377.513
  14384.906
  14379.668
  14369.922
  14371.050
  14341.988
  14381.208
  14378.847
  14384.187
  14380.079
  14219.073
  14367.155
  14383.468
  14383.981
  14352.412
  14384.598
  14381.414
  14362.954
