           7.069
           5.010
           5.008
           7.146
           4.572
           5.008
           4.913
           4.718
           4.595
           3.844
           4.175
           4.094
           4.093
           3.801
           4.241
           4.075
           4.001
           4.110
           3.987
           4.088
           4.123
           4.077
           4.093
           3.921
           4.657
           4.030
           4.078
           3.875
           4.091
           4.240
           5.256
           4.110
           4.172
           4.713
           4.563
           4.689
           4.207
           4.190
           4.207
           4.130
           4.105
           3.942
           4.189
           4.023
           4.155
           3.771
           4.098
           4.248
           4.731
           4.112
           3.899
           3.994
           4.693
           4.078
           4.090
           4.713
           4.542
           4.694
           4.172
           4.215
           4.205
           4.089
           4.768
           4.107
           4.694
           4.627
           4.206
           4.191
           4.328
           4.222
           3.776
           4.751
           4.175
           5.646
           4.457
           5.999
           4.730
           5.050
           7.889
           4.986
           5.294
           4.988
           4.906
           4.867
           4.536
           4.437
           4.111
           4.094
           4.189
           4.175
           4.147
           4.147
           4.138
           4.231
           4.241
           3.914
           4.086
           4.156
           4.186
           4.139
           4.110
