          10.009
           5.753
           5.229
           5.230
           4.968
           4.826
           4.313
           4.635
           4.206
           5.042
           4.397
           5.707
           4.733
           4.507
           4.012
           4.432
           3.968
           3.978
           4.433
           4.481
           4.511
           4.450
           4.435
           4.230
           3.985
           4.464
           4.240
           4.297
           4.038
           4.329
           3.931
           4.415
           3.977
           3.997
           4.481
           4.399
           4.346
           4.450
           5.023
           3.996
           4.449
           4.360
           4.768
           4.248
           4.235
           4.398
           4.483
           4.471
           4.063
           4.493
           5.470
           4.441
           4.469
           4.327
           4.397
           4.496
           5.024
           4.450
           4.434
           3.978
           4.449
           4.466
           5.343
           5.004
           4.624
           5.506
           4.504
           4.640
           4.408
           4.232
           4.968
           4.432
           4.450
           4.322
           4.320
           4.150
           3.995
           4.449
           3.968
           4.058
           4.190
           4.483
           4.467
           4.454
           3.886
           4.343
           4.494
           7.087
           5.998
           6.582
           4.809
           5.341
           5.146
           7.906
           5.587
           5.547
           5.122
           5.280
           5.159
           5.235
           5.151
