          10.540
           5.456
           5.093
           4.929
           4.774
           4.628
           4.366
           4.246
           4.775
           4.133
           4.128
           4.245
           4.245
           4.241
           4.242
           4.128
           4.129
           4.137
           4.127
           4.136
           4.131
           4.131
           4.129
           4.128
           4.129
           4.130
           4.128
           4.130
           4.774
           4.245
           4.129
           4.132
           4.243
           4.243
           4.129
           4.244
           4.244
           4.244
           4.244
           4.247
           4.243
           4.130
           4.128
           4.242
           4.243
           4.244
           4.243
           4.245
           4.244
           4.243
           4.244
           4.244
           4.130
           4.132
           4.244
           4.246
           4.777
           4.252
           4.244
           4.243
           4.128
           4.128
           4.128
           4.130
           4.129
           4.128
           4.130
           4.130
           4.128
           4.776
           4.129
           4.129
           4.131
           4.780
           5.455
           4.245
           4.243
           4.355
           7.083
           4.246
           4.334
           4.242
           4.244
           4.245
           4.243
           4.245
           4.247
           4.247
           4.256
           4.244
           4.245
           4.243
           4.244
           4.292
           4.248
           4.243
           4.243
           4.253
           4.243
           4.244
           4.249
