          36.392
          24.634
          21.955
          21.261
          19.896
          18.810
          17.771
          17.798
          17.786
          17.812
          17.800
          17.806
          17.801
          20.573
          17.774
          17.822
          17.728
          17.800
          17.829
          17.786
          17.795
          17.742
          17.730
          18.307
          18.267
          18.299
          18.218
          17.751
          18.305
          18.319
          18.305
          18.317
          17.802
          17.719
          17.815
          18.298
          18.301
          17.738
          21.855
          20.514
          20.583
          17.817
          17.821
          17.785
          17.792
          17.791
          17.782
          17.760
          17.767
          22.040
          17.761
          17.744
          17.789
          20.690
          18.303
          18.318
          17.819
          17.755
          17.785
          17.828
          17.805
          18.272
          20.574
          17.783
          17.740
          17.818
          17.775
          17.816
          18.271
          21.622
          17.790
          22.324
          18.305
          18.246
          17.804
          17.811
          17.723
          18.281
          18.243
          17.799
          17.765
          19.863
          18.262
          19.218
          18.261
          18.310
          18.245
          17.737
          17.825
          17.811
          23.532
          21.592
          17.804
          17.812
          20.518
          21.573
          17.810
          17.817
          17.796
          18.305
          18.215
