           8.902
           4.595
           4.596
           4.314
           4.069
           3.849
           3.848
           4.452
           3.848
           3.848
           3.848
           4.453
           4.449
           3.955
           3.956
           3.851
           3.848
           3.849
           3.958
           3.955
           3.849
           3.954
           3.956
           3.961
           3.956
           3.958
           3.954
           3.957
           3.955
           3.958
           3.955
           3.956
           3.959
           3.955
           3.955
           3.955
           3.956
           3.955
           3.961
           3.957
           3.851
           3.852
           3.956
           3.959
           3.963
           3.960
           3.958
           3.957
           3.960
           3.955
           3.958
           3.955
           3.959
           3.851
           3.850
           5.584
           5.377
           3.958
           4.190
           4.596
           4.452
           4.189
           4.187
           4.068
           4.190
           4.454
           4.314
           4.594
           4.745
           4.763
           4.912
           4.910
           4.918
           4.769
           4.753
           4.608
           4.318
           4.189
           3.957
           3.851
           3.957
           3.954
           3.955
           3.957
           3.956
           3.849
           4.318
           3.957
           3.958
           3.955
           3.990
           3.955
           3.955
           3.968
           3.956
           3.957
           3.957
           4.452
           3.848
           3.848
           3.850
