      BASE;           0.125;           0.000;           0.000;          8;       1000;         366.424;          32.861;          49.752;          36.392;           4.860 (13.354 %);   1677.159
      BASE;           0.125;           0.000;           0.000;          8;       1000;         113.061;          23.389;          39.213;          24.634;           3.181 (12.915 %);   2477.679
      BASE;           0.125;           0.000;           0.000;          8;       1000;          47.915;          23.418;          23.902;          23.532;           0.092 ( 0.390 %);   2593.739
      BASE;           0.125;           0.000;           0.000;          8;       1000;          58.795;          17.704;          74.504;          22.324;          13.295 (59.554 %);   2734.041
      BASE;           0.125;           0.000;           0.000;          8;       1000;          45.565;          18.274;          71.988;          22.040;           8.976 (40.724 %);   2769.252
      BASE;           0.125;           0.000;           0.000;          8;       1000;          69.009;          21.864;          22.310;          21.955;           0.085 ( 0.387 %);   2779.950
      BASE;           0.125;           0.000;           0.000;          8;       1000;         168.038;          17.696;          64.329;          21.855;           9.933 (45.448 %);   2792.732
      BASE;           0.125;           0.000;           0.000;          8;       1000;          43.154;          18.185;          51.772;          21.622;           8.402 (38.857 %);   2822.846
      BASE;           0.125;           0.000;           0.000;          8;       1000;        1101.049;          21.506;          21.831;          21.592;           0.059 ( 0.275 %);   2826.784
      BASE;           0.125;           0.000;           0.000;          8;       1000;         262.934;          17.724;          61.274;          21.573;           9.584 (44.425 %);   2829.290
      BASE;           0.125;           0.000;           0.000;          8;       1000;         184.525;          21.128;          21.671;          21.261;           0.098 ( 0.462 %);   2870.785
      BASE;           0.125;           0.000;           0.000;          8;       1000;         126.031;          20.280;          26.405;          20.690;           1.030 ( 4.978 %);   2949.979
      BASE;           0.125;           0.000;           0.000;          8;       1000;          60.224;          20.507;          20.776;          20.583;           0.064 ( 0.313 %);   2965.284
      BASE;           0.125;           0.000;           0.000;          8;       1000;          84.561;          20.472;          20.756;          20.574;           0.086 ( 0.417 %);   2966.629
      BASE;           0.125;           0.000;           0.000;          8;       1000;         779.780;          20.463;          20.890;          20.573;           0.088 ( 0.428 %);   2966.751
      BASE;           0.125;           0.000;           0.000;          8;       1000;        4359.479;          20.289;          20.781;          20.518;           0.094 ( 0.457 %);   2974.673
      BASE;           0.125;           0.000;           0.000;          8;       1000;         231.613;          20.283;          20.683;          20.514;           0.062 ( 0.304 %);   2975.359
      BASE;           0.125;           0.000;           0.000;          8;       1000;         809.611;          19.644;          20.178;          19.896;           0.087 ( 0.435 %);   3067.780
      BASE;           0.125;           0.000;           0.000;          8;       1000;        1111.081;          18.197;          65.365;          19.863;           8.234 (41.453 %);   3072.736
      BASE;           0.125;           0.000;           0.000;          8;       1000;          61.122;          18.172;          44.954;          19.218;           4.684 (24.371 %);   3175.897
      BASE;           0.125;           0.000;           0.000;          8;       1000;         507.024;          18.728;          19.021;          18.810;           0.059 ( 0.312 %);   3244.898
      BASE;           0.125;           0.000;           0.000;          8;       1000;          56.568;          18.080;          18.620;          18.319;           0.082 ( 0.448 %);   3331.779
      BASE;           0.125;           0.000;           0.000;          8;       1000;         135.422;          18.209;          18.534;          18.318;           0.065 ( 0.357 %);   3332.065
      BASE;           0.125;           0.000;           0.000;          8;       1000;          83.028;          18.205;          18.616;          18.317;           0.081 ( 0.445 %);   3332.170
      BASE;           0.125;           0.000;           0.000;          8;       1000;         888.373;          18.198;          18.601;          18.310;           0.080 ( 0.436 %);   3333.422
      BASE;           0.125;           0.000;           0.000;          8;       1000;          69.118;          18.187;          18.656;          18.307;           0.088 ( 0.480 %);   3333.968
      BASE;           0.125;           0.000;           0.000;          8;       1000;         735.145;          18.207;          18.400;          18.305;           0.062 ( 0.341 %);   3334.316
      BASE;           0.125;           0.000;           0.000;          8;       1000;         661.577;          18.203;          18.635;          18.305;           0.075 ( 0.411 %);   3334.382
      BASE;           0.125;           0.000;           0.000;          8;       1000;         727.822;          18.192;          18.487;          18.305;           0.071 ( 0.389 %);   3334.393
      BASE;           0.125;           0.000;           0.000;          8;       1000;          99.579;          18.209;          18.542;          18.305;           0.069 ( 0.378 %);   3334.410
      BASE;           0.125;           0.000;           0.000;          8;       1000;          59.395;          18.190;          18.565;          18.303;           0.072 ( 0.395 %);   3334.680
      BASE;           0.125;           0.000;           0.000;          8;       1000;         423.566;          18.180;          18.613;          18.301;           0.079 ( 0.434 %);   3335.105
      BASE;           0.125;           0.000;           0.000;          8;       1000;          44.108;          18.226;          18.648;          18.299;           0.080 ( 0.438 %);   3335.415
      BASE;           0.125;           0.000;           0.000;          8;       1000;         101.995;          18.195;          18.472;          18.298;           0.063 ( 0.342 %);   3335.647
      BASE;           0.125;           0.000;           0.000;          8;       1000;         154.155;          18.192;          18.455;          18.281;           0.071 ( 0.388 %);   3338.765
      BASE;           0.125;           0.000;           0.000;          8;       1000;          32.498;          18.190;          18.455;          18.272;           0.068 ( 0.371 %);   3340.365
      BASE;           0.125;           0.000;           0.000;          8;       1000;         202.009;          18.201;          18.497;          18.271;           0.064 ( 0.350 %);   3340.493
      BASE;           0.125;           0.000;           0.000;          8;       1000;         386.562;          18.171;          18.371;          18.267;           0.059 ( 0.324 %);   3341.296
      BASE;           0.125;           0.000;           0.000;          8;       1000;          56.194;          18.186;          18.429;          18.262;           0.051 ( 0.278 %);   3342.239
      BASE;           0.125;           0.000;           0.000;          8;       1000;         200.538;          18.184;          18.508;          18.261;           0.071 ( 0.390 %);   3342.466
      BASE;           0.125;           0.000;           0.000;          8;       1000;         128.199;          18.015;          18.555;          18.246;           0.085 ( 0.464 %);   3345.075
      BASE;           0.125;           0.000;           0.000;          8;       1000;          69.495;          18.040;          18.413;          18.245;           0.071 ( 0.392 %);   3345.336
      BASE;           0.125;           0.000;           0.000;          8;       1000;         209.021;          18.029;          18.513;          18.243;           0.079 ( 0.435 %);   3345.664
      BASE;           0.125;           0.000;           0.000;          8;       1000;         273.323;          18.033;          18.426;          18.218;           0.084 ( 0.462 %);   3350.255
      BASE;           0.125;           0.000;           0.000;          8;       1000;          54.236;          18.031;          18.479;          18.215;           0.096 ( 0.528 %);   3350.763
      BASE;           0.125;           0.000;           0.000;          8;       1000;       12411.566;          17.732;          18.155;          17.829;           0.077 ( 0.432 %);   3423.399
      BASE;           0.125;           0.000;           0.000;          8;       1000;         503.417;          17.714;          18.137;          17.828;           0.082 ( 0.462 %);   3423.626
      BASE;           0.125;           0.000;           0.000;          8;       1000;          92.937;          17.714;          18.114;          17.825;           0.080 ( 0.447 %);   3424.080
      BASE;           0.125;           0.000;           0.000;          8;       1000;         107.530;          17.721;          18.135;          17.822;           0.075 ( 0.423 %);   3424.656
      BASE;           0.125;           0.000;           0.000;          8;       1000;         116.011;          17.701;          18.117;          17.821;           0.075 ( 0.423 %);   3424.994
      BASE;           0.125;           0.000;           0.000;          8;       1000;         277.812;          17.688;          18.061;          17.819;           0.074 ( 0.418 %);   3425.279
      BASE;           0.125;           0.000;           0.000;          8;       1000;          67.428;          17.721;          18.077;          17.818;           0.077 ( 0.431 %);   3425.501
      BASE;           0.125;           0.000;           0.000;          8;       1000;          49.111;          17.703;          18.305;          17.817;           0.105 ( 0.587 %);   3425.664
      BASE;           0.125;           0.000;           0.000;          8;       1000;         196.764;          17.708;          17.945;          17.817;           0.052 ( 0.291 %);   3425.681
      BASE;           0.125;           0.000;           0.000;          8;       1000;         103.589;          17.698;          18.093;          17.816;           0.075 ( 0.418 %);   3425.769
      BASE;           0.125;           0.000;           0.000;          8;       1000;         453.583;          17.707;          18.134;          17.815;           0.081 ( 0.454 %);   3426.130
      BASE;           0.125;           0.000;           0.000;          8;       1000;          62.799;          17.726;          18.065;          17.812;           0.063 ( 0.355 %);   3426.660
      BASE;           0.125;           0.000;           0.000;          8;       1000;         397.626;          17.706;          17.957;          17.812;           0.069 ( 0.390 %);   3426.690
      BASE;           0.125;           0.000;           0.000;          8;       1000;         271.998;          17.697;          18.122;          17.811;           0.086 ( 0.483 %);   3426.765
      BASE;           0.125;           0.000;           0.000;          8;       1000;        1483.409;          17.701;          17.964;          17.811;           0.063 ( 0.352 %);   3426.806
      BASE;           0.125;           0.000;           0.000;          8;       1000;         128.867;          17.716;          18.043;          17.810;           0.068 ( 0.380 %);   3427.104
      BASE;           0.125;           0.000;           0.000;          8;       1000;         265.865;          17.750;          18.012;          17.806;           0.055 ( 0.310 %);   3427.786
      BASE;           0.125;           0.000;           0.000;          8;       1000;         188.006;          17.696;          18.147;          17.805;           0.089 ( 0.502 %);   3427.990
      BASE;           0.125;           0.000;           0.000;          8;       1000;         153.527;          17.705;          18.011;          17.804;           0.071 ( 0.396 %);   3428.206
      BASE;           0.125;           0.000;           0.000;          8;       1000;         334.762;          17.703;          18.233;          17.804;           0.099 ( 0.555 %);   3428.241
      BASE;           0.125;           0.000;           0.000;          8;       1000;         120.609;          17.712;          17.912;          17.802;           0.064 ( 0.358 %);   3428.568
      BASE;           0.125;           0.000;           0.000;          8;       1000;          64.546;          17.705;          18.005;          17.801;           0.065 ( 0.366 %);   3428.690
      BASE;           0.125;           0.000;           0.000;          8;       1000;         779.701;          17.524;          18.195;          17.800;           0.125 ( 0.704 %);   3428.906
      BASE;           0.125;           0.000;           0.000;          8;       1000;         108.288;          17.741;          18.218;          17.800;           0.086 ( 0.485 %);   3428.976
      BASE;           0.125;           0.000;           0.000;          8;       1000;          60.922;          17.705;          18.043;          17.799;           0.076 ( 0.428 %);   3429.192
      BASE;           0.125;           0.000;           0.000;          8;       1000;         195.947;          17.557;          18.137;          17.798;           0.099 ( 0.559 %);   3429.274
      BASE;           0.125;           0.000;           0.000;          8;       1000;          78.846;          17.709;          17.911;          17.796;           0.061 ( 0.344 %);   3429.695
      BASE;           0.125;           0.000;           0.000;          8;       1000;         196.238;          17.691;          18.080;          17.795;           0.077 ( 0.432 %);   3429.864
      BASE;           0.125;           0.000;           0.000;          8;       1000;        2690.883;          17.702;          18.020;          17.792;           0.067 ( 0.375 %);   3430.396
      BASE;           0.125;           0.000;           0.000;          8;       1000;         704.509;          17.700;          18.146;          17.791;           0.081 ( 0.455 %);   3430.606
      BASE;           0.125;           0.000;           0.000;          8;       1000;         902.188;          17.685;          17.997;          17.790;           0.074 ( 0.416 %);   3430.863
      BASE;           0.125;           0.000;           0.000;          8;       1000;         458.130;          17.701;          18.056;          17.789;           0.073 ( 0.411 %);   3431.044
      BASE;           0.125;           0.000;           0.000;          8;       1000;         176.795;          17.688;          18.090;          17.786;           0.083 ( 0.465 %);   3431.652
      BASE;           0.125;           0.000;           0.000;          8;       1000;          42.327;          17.689;          17.997;          17.786;           0.077 ( 0.432 %);   3431.734
      BASE;           0.125;           0.000;           0.000;          8;       1000;        4650.820;          17.707;          18.054;          17.785;           0.070 ( 0.396 %);   3431.751
      BASE;           0.125;           0.000;           0.000;          8;       1000;          88.263;          17.673;          17.971;          17.785;           0.068 ( 0.384 %);   3431.845
      BASE;           0.125;           0.000;           0.000;          8;       1000;          89.318;          17.566;          17.992;          17.783;           0.079 ( 0.444 %);   3432.167
      BASE;           0.125;           0.000;           0.000;          8;       1000;          42.231;          17.673;          17.973;          17.782;           0.071 ( 0.398 %);   3432.371
      BASE;           0.125;           0.000;           0.000;          8;       1000;         195.294;          17.525;          18.104;          17.775;           0.111 ( 0.625 %);   3433.752
      BASE;           0.125;           0.000;           0.000;          8;       1000;          97.118;          17.676;          17.917;          17.774;           0.062 ( 0.350 %);   3433.934
      BASE;           0.125;           0.000;           0.000;          8;       1000;          77.953;          17.694;          18.013;          17.771;           0.072 ( 0.403 %);   3434.484
      BASE;           0.125;           0.000;           0.000;          8;       1000;         205.458;          17.700;          18.053;          17.767;           0.058 ( 0.324 %);   3435.252
      BASE;           0.125;           0.000;           0.000;          8;       1000;          65.965;          17.705;          18.028;          17.765;           0.061 ( 0.344 %);   3435.691
      BASE;           0.125;           0.000;           0.000;          8;       1000;          34.040;          17.556;          17.996;          17.761;           0.100 ( 0.562 %);   3436.436
      BASE;           0.125;           0.000;           0.000;          8;       1000;         132.660;          17.533;          18.011;          17.760;           0.092 ( 0.519 %);   3436.600
      BASE;           0.125;           0.000;           0.000;          8;       1000;        6353.024;          17.570;          18.075;          17.755;           0.083 ( 0.465 %);   3437.720
      BASE;           0.125;           0.000;           0.000;          8;       1000;          83.427;          17.571;          17.988;          17.751;           0.080 ( 0.449 %);   3438.348
      BASE;           0.125;           0.000;           0.000;          8;       1000;         185.107;          17.613;          18.030;          17.744;           0.071 ( 0.402 %);   3439.792
      BASE;           0.125;           0.000;           0.000;          8;       1000;          80.417;          17.677;          17.976;          17.742;           0.057 ( 0.324 %);   3440.116
      BASE;           0.125;           0.000;           0.000;          8;       1000;         186.570;          17.535;          17.889;          17.740;           0.107 ( 0.600 %);   3440.486
      BASE;           0.125;           0.000;           0.000;          8;       1000;         550.013;          17.686;          18.025;          17.738;           0.058 ( 0.326 %);   3440.897
      BASE;           0.125;           0.000;           0.000;          8;       1000;          74.768;          17.572;          17.967;          17.737;           0.069 ( 0.388 %);   3441.085
      BASE;           0.125;           0.000;           0.000;          8;       1000;         164.587;          17.556;          18.108;          17.730;           0.088 ( 0.497 %);   3442.526
      BASE;           0.125;           0.000;           0.000;          8;       1000;         102.853;          17.685;          17.965;          17.728;           0.046 ( 0.261 %);   3442.850
      BASE;           0.125;           0.000;           0.000;          8;       1000;         146.994;          17.528;          17.874;          17.723;           0.072 ( 0.408 %);   3443.898
      BASE;           0.125;           0.000;           0.000;          8;       1000;          37.230;          17.528;          18.036;          17.719;           0.099 ( 0.556 %);   3444.628
