   6871.031
  12023.616
  12879.332
  13308.490
  13737.750
  14172.549
  15031.046
  15458.105
  13738.499
  15883.792
  15885.797
  15454.784
  15459.054
  15458.342
  15456.681
  15887.050
  15886.799
  15872.777
  15887.050
  15883.416
  15887.802
  15885.671
  15884.419
  15886.924
  15887.676
  15887.551
  15879.535
  15888.804
  13739.155
  15458.461
  15876.530
  15876.781
  15458.817
  15459.766
  15881.663
  15459.410
  15459.054
  15458.935
  15461.309
  15457.393
  15448.027
  15890.810
  15886.799
  15457.630
  15460.597
  15461.427
  15458.224
  15462.140
  15460.241
  15456.919
  15457.275
  15456.563
  15886.924
  15887.175
  15455.140
  15460.003
  13738.687
  15456.563
  15455.733
  15452.650
  15886.674
  15891.311
  15890.434
  15889.055
  15889.932
  15888.052
  15886.548
  15891.311
  15869.775
  13741.874
  15887.300
  15885.546
  15883.166
  13731.475
  12021.607
  15461.071
  15455.614
  13944.808
   8835.121
  15463.327
  15456.800
  15449.212
  15455.970
  15463.327
  15457.512
  10330.828
  15459.529
  15457.630
  15098.086
  15456.800
  15457.630
  15455.377
  15057.453
  15450.397
  15447.198
  15457.275
  15453.954
  15457.986
  15419.762
  15459.766
  15456.681
