   2225.166
   3127.354
   3349.615
   3461.696
   3549.744
   3910.247
   3428.224
   4134.121
   3328.541
   4133.883
   3766.820
   4085.957
   4137.603
   3892.511
   4134.706
   4134.978
   4135.920
   4137.101
   3868.430
   4120.664
   3467.853
   4124.554
   3254.993
   3965.835
   3969.344
   4024.264
   3950.728
   4095.236
   3769.732
   4023.130
   3810.519
   4025.511
   3008.203
   4132.628
   3352.006
   4020.119
   3819.377
   4134.910
   3767.659
   3571.966
   3571.808
   4134.138
   4133.349
   4135.326
   4136.031
   4134.112
   4135.097
   4136.965
   4134.061
   3767.553
   4133.128
   4131.331
   4041.852
   3575.307
   4022.375
   4022.785
   4133.094
   4134.044
   4123.583
   3423.219
   4131.492
   3734.283
   3740.198
   3654.680
   4136.379
   4135.012
   4135.717
   4134.036
   4007.489
   3666.135
   4134.240
   4130.407
   4020.368
   3762.802
   4135.946
   3332.572
   4131.924
   3752.007
   4020.103
   3297.917
   3859.779
   3324.794
   3604.942
   3173.920
   4020.296
   4022.415
   4020.007
   3520.717
   4127.310
   3463.923
   3127.607
   3904.788
   4132.263
   3423.277
   3659.920
   3767.750
   4135.869
   3250.522
   4134.511
   4022.608
   3992.618
