  10294.500
  12862.389
  12669.507
  12876.945
  12876.451
  12867.238
  13310.249
  13741.499
  14164.675
  15021.966
  15451.346
  15882.289
  15878.283
  15453.598
  15449.331
  15870.025
  15880.661
  15883.416
  15883.416
  15453.361
  15440.567
  15881.413
  15887.175
  15885.045
  13738.031
  15887.927
  15886.173
  15881.663
  15437.845
  15454.665
  12020.890
  15882.039
  15455.495
  13735.314
  13735.970
  13724.551
  15453.598
  15452.294
  15458.224
  15456.919
  15457.037
  15455.258
  15451.701
  15453.717
  15428.857
  15451.464
  15448.975
  13735.501
  13737.187
  15881.538
  15871.526
  15880.286
  13737.937
  15888.178
  15453.598
  13737.281
  15883.291
  13741.311
  15456.444
  15453.835
  15450.634
  15456.088
  13735.408
  15449.686
  13065.727
  13741.499
  15456.444
  15455.140
  13737.843
  15450.871
  15453.835
  13724.177
  15445.421
  12623.848
  14228.917
  14463.307
  13736.906
  12881.062
   7455.683
  12879.744
  12440.075
  12880.650
  12881.062
  13297.683
  14165.173
  14599.489
  15456.919
  15868.525
  15452.650
  15453.361
  15454.072
  15453.598
  15452.887
  15453.954
  15452.887
  15446.843
  15456.800
  15444.711
  15452.057
  15452.294
  15455.614
