   6021.496
   9751.583
  11288.996
  11666.079
  12042.595
  12042.811
  13920.617
  11345.911
  13915.424
  12043.171
  13922.157
  10535.853
  13545.945
  13545.763
  13546.674
  13548.132
  13540.937
  13544.943
  13547.494
  13543.577
  12044.539
  13547.130
  13536.659
  13547.312
  13539.207
  12024.262
  14299.427
  13923.504
  13912.252
  13926.103
  13925.044
  13549.864
  13545.125
  13538.570
  13551.140
  13544.032
  13924.274
  13545.308
  12040.867
  13547.312
  13537.569
  13924.948
  13922.734
  13913.309
  13545.763
  13547.494
  13546.765
  13544.579
  13539.844
  13547.585
  13546.492
  13521.846
  13535.932
  13922.253
  13547.676
  13540.937
  11344.058
  13544.488
  13545.581
  13543.941
  13545.945
  13537.660
  10536.129
  12040.148
  13548.406
  13456.172
  13546.856
  12040.435
  13547.950
  13924.370
  12043.387
  13548.406
  13546.765
  13920.521
  13923.215
  13545.581
  13546.219
  13535.841
  13538.752
  13546.765
  13546.401
  13473.004
  13548.679
  13546.948
  13926.103
  13922.060
  13521.574
  10948.486
  12760.125
   8261.052
  11659.866
  10772.523
  11287.541
   6863.328
  10914.136
  10536.349
  10280.156
  10634.145
  10988.146
  11666.822
  12795.061
