   8676.190
  16823.783
  16390.344
  17915.908
  18984.675
  20083.360
  20064.554
  17364.647
  20025.653
  20062.555
  20086.164
  17343.863
  17370.338
  19559.131
  19462.553
  20081.758
  20082.559
  20081.157
  19514.598
  19511.384
  20079.155
  19545.275
  19548.121
  19536.175
  19540.156
  19537.123
  19541.672
  19490.049
  19545.844
  19533.523
  19538.450
  19539.397
  19519.325
  19535.228
  19544.706
  19542.051
  19537.123
  19521.596
  19535.039
  19524.434
  20077.354
  20067.552
  19547.172
  19536.175
  19538.829
  19517.812
  19541.293
  19540.156
  19539.587
  19594.332
  19533.523
  19546.413
  19539.397
  20060.557
  20078.955
  19521.974
  14330.866
  19538.639
  18458.720
  16783.130
  17364.947
  18453.139
  18449.928
  18942.717
  18448.069
  17377.531
  17899.509
  16800.208
  16285.517
  16237.204
  15737.347
  14869.808
  15741.037
  16283.147
  16285.122
  16810.163
  17905.078
  18453.816
  19537.692
  20075.953
  19536.175
  19538.450
  19489.295
  19538.260
  19542.241
  20025.454
  19546.034
  19488.918
  19545.465
  19545.655
  19544.327
  19532.197
  19532.008
  19533.902
  19534.281
  19494.388
  19534.470
  17358.811
  19976.001
  20081.157
  20046.780
