           7.035
           3.628
           3.724
           3.407
           3.215
           3.039
           3.042
           3.515
           3.048
           3.042
           3.039
           3.519
           3.514
           3.121
           3.136
           3.039
           3.039
           3.039
           3.128
           3.128
           3.040
           3.123
           3.122
           3.124
           3.124
           3.124
           3.123
           3.132
           3.123
           3.125
           3.124
           3.124
           3.127
           3.124
           3.123
           3.123
           3.124
           3.127
           3.124
           3.126
           3.040
           3.041
           3.122
           3.124
           3.124
           3.127
           3.123
           3.124
           3.124
           3.115
           3.125
           3.123
           3.124
           3.043
           3.040
           3.126
           4.259
           3.124
           3.307
           3.637
           3.515
           3.308
           3.308
           3.222
           3.308
           3.512
           3.410
           3.633
           3.748
           3.759
           3.878
           4.105
           3.877
           3.748
           3.748
           3.631
           3.409
           3.307
           3.124
           3.040
           3.124
           3.124
           3.132
           3.124
           3.123
           3.048
           3.123
           3.132
           3.123
           3.123
           3.123
           3.125
           3.125
           3.125
           3.125
           3.131
           3.124
           3.516
           3.055
           3.039
           3.045
