           5.929
           4.745
           4.817
           4.740
           4.740
           4.743
           4.586
           4.442
           4.309
           4.063
           3.950
           3.843
           3.844
           3.950
           3.951
           3.846
           3.843
           3.843
           3.843
           3.950
           3.953
           3.843
           3.842
           3.842
           4.443
           3.842
           3.842
           3.843
           3.954
           3.949
           5.077
           3.843
           3.949
           4.444
           4.443
           4.447
           3.950
           3.950
           3.948
           3.949
           3.949
           3.949
           3.950
           3.950
           3.956
           3.950
           3.951
           4.444
           4.443
           3.843
           3.846
           3.843
           4.443
           3.842
           3.950
           4.443
           3.843
           4.442
           3.949
           3.950
           3.950
           3.949
           4.444
           3.951
           4.671
           4.442
           3.949
           3.949
           4.443
           3.950
           3.950
           4.447
           3.952
           4.835
           4.290
           4.220
           4.443
           4.738
           8.186
           4.739
           4.906
           4.739
           4.738
           4.590
           4.309
           4.181
           3.949
           3.846
           3.950
           3.950
           3.949
           3.950
           3.950
           3.949
           3.950
           3.951
           3.949
           3.952
           3.950
           3.950
           3.949
