          27.429
          19.517
          18.222
          17.632
          17.194
          15.609
          17.804
          14.764
          18.337
          14.765
          16.203
          14.938
          14.751
          15.680
          14.762
          14.761
          14.757
          14.753
          15.778
          14.812
          17.600
          14.798
          18.751
          15.390
          15.377
          15.167
          15.449
          14.904
          16.191
          15.171
          16.018
          15.162
          20.290
          14.769
          18.209
          15.182
          15.980
          14.761
          16.200
          17.087
          17.088
          14.764
          14.767
          14.759
          14.757
          14.764
          14.760
          14.754
          14.764
          16.200
          14.767
          14.774
          15.101
          17.071
          15.174
          15.172
          14.767
          14.764
          14.801
          17.830
          14.773
          16.345
          16.319
          16.701
          14.756
          14.761
          14.758
          14.764
          15.230
          16.648
          14.763
          14.777
          15.181
          16.221
          14.757
          18.315
          14.772
          16.267
          15.182
          18.507
          15.813
          18.358
          16.931
          19.230
          15.182
          15.174
          15.183
          17.336
          14.788
          17.620
          19.515
          15.631
          14.770
          17.829
          16.677
          16.199
          14.758
          18.777
          14.762
          15.173
          15.287
