           8.883
           5.076
           4.739
           4.586
           4.443
           4.307
           4.061
           3.948
           4.443
           3.843
           3.842
           3.949
           3.948
           3.948
           3.949
           3.842
           3.842
           3.845
           3.842
           3.843
           3.842
           3.842
           3.842
           3.842
           3.842
           3.842
           3.844
           3.841
           4.442
           3.948
           3.844
           3.844
           3.948
           3.948
           3.843
           3.948
           3.948
           3.948
           3.948
           3.949
           3.951
           3.841
           3.842
           3.949
           3.948
           3.948
           3.948
           3.947
           3.948
           3.949
           3.949
           3.949
           3.842
           3.842
           3.949
           3.948
           4.443
           3.949
           3.949
           3.950
           3.842
           3.841
           3.841
           3.841
           3.841
           3.842
           3.842
           3.841
           3.846
           4.442
           3.842
           3.842
           3.843
           4.445
           5.077
           3.948
           3.949
           4.377
           6.908
           3.947
           3.949
           3.951
           3.949
           3.947
           3.949
           5.908
           3.948
           3.949
           4.043
           3.949
           3.949
           3.949
           4.053
           3.950
           3.951
           3.949
           3.949
           3.948
           3.958
           3.948
           3.949
