          10.136
           6.259
           5.407
           5.232
           5.068
           5.068
           4.385
           5.379
           4.386
           5.068
           4.384
           5.793
           4.506
           4.506
           4.506
           4.505
           4.507
           4.506
           4.505
           4.507
           5.067
           4.505
           4.509
           4.505
           4.508
           5.076
           4.268
           4.384
           4.387
           4.383
           4.383
           4.504
           4.506
           4.508
           4.504
           4.506
           4.383
           4.506
           5.069
           4.505
           4.509
           4.383
           4.384
           4.387
           4.506
           4.505
           4.506
           4.506
           4.508
           4.505
           4.506
           4.514
           4.509
           4.384
           4.505
           4.507
           5.380
           4.506
           4.506
           4.506
           4.506
           4.509
           5.793
           5.069
           4.505
           4.536
           4.505
           5.069
           4.505
           4.383
           5.068
           4.505
           4.506
           4.385
           4.384
           4.506
           4.506
           4.509
           4.508
           4.506
           4.506
           4.530
           4.505
           4.505
           4.383
           4.384
           4.514
           5.575
           4.783
           7.388
           5.235
           5.666
           5.407
           8.893
           5.592
           5.793
           5.937
           5.740
           5.555
           5.232
           4.770
