    UNROLL;           0.125;           0.000;           0.000;          8;       1000;          77.048;           6.998;           7.623;           7.035;           0.107 ( 1.516 %);   8676.190
    UNROLL;           0.125;           0.000;           0.000;          8;       1000;          49.733;           3.107;          18.526;           4.259;           3.452 (81.053 %);  14330.866
    UNROLL;           0.125;           0.000;           0.000;          8;       1000;         115.558;           3.857;          11.304;           4.105;           1.294 (31.522 %);  14869.808
    UNROLL;           0.125;           0.000;           0.000;          8;       1000;         107.237;           3.856;           4.202;           3.878;           0.060 ( 1.535 %);  15737.347
    UNROLL;           0.125;           0.000;           0.000;          8;       1000;        3854.497;           3.856;           4.205;           3.877;           0.060 ( 1.543 %);  15741.037
    UNROLL;           0.125;           0.000;           0.000;          8;       1000;          36.379;           3.726;           4.127;           3.759;           0.088 ( 2.336 %);  16237.204
    UNROLL;           0.125;           0.000;           0.000;          8;       1000;          70.851;           3.729;           4.075;           3.748;           0.059 ( 1.586 %);  16283.147
    UNROLL;           0.125;           0.000;           0.000;          8;       1000;         210.133;           3.726;           4.075;           3.748;           0.060 ( 1.592 %);  16285.122
    UNROLL;           0.125;           0.000;           0.000;          8;       1000;          87.152;           3.726;           4.069;           3.748;           0.058 ( 1.553 %);  16285.517
    UNROLL;           0.125;           0.000;           0.000;          8;       1000;         177.363;           3.607;           6.740;           3.724;           0.545 (14.630 %);  16390.344
    UNROLL;           0.125;           0.000;           0.000;          8;       1000;          86.173;           3.607;           3.978;           3.637;           0.083 ( 2.294 %);  16783.130
    UNROLL;           0.125;           0.000;           0.000;          8;       1000;         100.377;           3.607;           3.949;           3.633;           0.067 ( 1.852 %);  16800.208
    UNROLL;           0.125;           0.000;           0.000;          8;       1000;         119.702;           3.607;           3.938;           3.631;           0.062 ( 1.704 %);  16810.163
    UNROLL;           0.125;           0.000;           0.000;          8;       1000;         123.687;           3.607;           3.929;           3.628;           0.055 ( 1.504 %);  16823.783
    UNROLL;           0.125;           0.000;           0.000;          8;       1000;         321.059;           3.499;           3.826;           3.519;           0.056 ( 1.585 %);  17343.863
    UNROLL;           0.125;           0.000;           0.000;          8;       1000;         898.185;           3.494;           3.811;           3.516;           0.055 ( 1.558 %);  17358.811
    UNROLL;           0.125;           0.000;           0.000;          8;       1000;         607.285;           3.496;           3.814;           3.515;           0.054 ( 1.550 %);  17364.647
    UNROLL;           0.125;           0.000;           0.000;          8;       1000;         115.458;           3.494;           3.818;           3.515;           0.055 ( 1.574 %);  17364.947
    UNROLL;           0.125;           0.000;           0.000;          8;       1000;          62.780;           3.494;           3.821;           3.514;           0.056 ( 1.583 %);  17370.338
    UNROLL;           0.125;           0.000;           0.000;          8;       1000;         127.920;           3.500;           3.601;           3.512;           0.019 ( 0.530 %);  17377.531
    UNROLL;           0.125;           0.000;           0.000;          8;       1000;         114.102;           3.388;           3.697;           3.410;           0.056 ( 1.657 %);  17899.509
    UNROLL;           0.125;           0.000;           0.000;          8;       1000;          29.444;           3.389;           3.703;           3.409;           0.056 ( 1.646 %);  17905.078
    UNROLL;           0.125;           0.000;           0.000;          8;       1000;        3092.172;           3.388;           3.696;           3.407;           0.053 ( 1.545 %);  17915.908
    UNROLL;           0.125;           0.000;           0.000;          8;       1000;          48.795;           3.289;           3.588;           3.308;           0.051 ( 1.544 %);  18448.069
    UNROLL;           0.125;           0.000;           0.000;          8;       1000;         216.855;           3.288;           3.590;           3.308;           0.052 ( 1.562 %);  18449.928
    UNROLL;           0.125;           0.000;           0.000;          8;       1000;          32.855;           3.289;           3.591;           3.308;           0.052 ( 1.566 %);  18453.139
    UNROLL;           0.125;           0.000;           0.000;          8;       1000;          95.333;           3.289;           3.598;           3.307;           0.053 ( 1.595 %);  18453.816
    UNROLL;           0.125;           0.000;           0.000;          8;       1000;         667.089;           3.288;           3.583;           3.307;           0.050 ( 1.519 %);  18458.720
    UNROLL;           0.125;           0.000;           0.000;          8;       1000;         237.573;           3.196;           3.527;           3.222;           0.074 ( 2.295 %);  18942.717
    UNROLL;           0.125;           0.000;           0.000;          8;       1000;          93.731;           3.195;           3.488;           3.215;           0.054 ( 1.691 %);  18984.675
    UNROLL;           0.125;           0.000;           0.000;          8;       1000;        1432.832;           3.107;           3.389;           3.136;           0.071 ( 2.252 %);  19462.553
    UNROLL;           0.125;           0.000;           0.000;          8;       1000;         180.506;           3.105;           3.435;           3.132;           0.073 ( 2.346 %);  19488.918
    UNROLL;           0.125;           0.000;           0.000;          8;       1000;         206.485;           3.106;           3.430;           3.132;           0.071 ( 2.277 %);  19489.295
    UNROLL;           0.125;           0.000;           0.000;          8;       1000;         164.325;           3.106;           3.436;           3.132;           0.073 ( 2.340 %);  19490.049
    UNROLL;           0.125;           0.000;           0.000;          8;       1000;         323.544;           3.107;           3.388;           3.131;           0.065 ( 2.084 %);  19494.388
    UNROLL;           0.125;           0.000;           0.000;          8;       1000;         291.719;           3.105;           3.386;           3.128;           0.059 ( 1.874 %);  19511.384
    UNROLL;           0.125;           0.000;           0.000;          8;       1000;        3550.368;           3.110;           3.397;           3.128;           0.050 ( 1.600 %);  19514.598
    UNROLL;           0.125;           0.000;           0.000;          8;       1000;          40.897;           3.107;           3.385;           3.127;           0.047 ( 1.514 %);  19517.812
    UNROLL;           0.125;           0.000;           0.000;          8;       1000;         529.026;           3.107;           3.396;           3.127;           0.053 ( 1.689 %);  19519.325
    UNROLL;           0.125;           0.000;           0.000;          8;       1000;         135.687;           3.106;           3.389;           3.127;           0.054 ( 1.739 %);  19521.596
    UNROLL;           0.125;           0.000;           0.000;          8;       1000;          90.323;           3.107;           3.393;           3.126;           0.054 ( 1.734 %);  19521.974
    UNROLL;           0.125;           0.000;           0.000;          8;       1000;         110.953;           3.109;           3.394;           3.126;           0.049 ( 1.558 %);  19524.434
    UNROLL;           0.125;           0.000;           0.000;          8;       1000;         246.263;           3.106;           3.385;           3.125;           0.048 ( 1.534 %);  19532.008
    UNROLL;           0.125;           0.000;           0.000;          8;       1000;          45.443;           3.106;           3.388;           3.125;           0.048 ( 1.550 %);  19532.197
    UNROLL;           0.125;           0.000;           0.000;          8;       1000;         116.547;           3.106;           3.388;           3.125;           0.048 ( 1.545 %);  19533.523
    UNROLL;           0.125;           0.000;           0.000;          8;       1000;         284.142;           3.106;           3.390;           3.125;           0.049 ( 1.567 %);  19533.523
    UNROLL;           0.125;           0.000;           0.000;          8;       1000;         124.837;           3.106;           3.397;           3.125;           0.050 ( 1.610 %);  19533.902
    UNROLL;           0.125;           0.000;           0.000;          8;       1000;         362.660;           3.107;           3.397;           3.125;           0.050 ( 1.590 %);  19534.281
    UNROLL;           0.125;           0.000;           0.000;          8;       1000;         105.504;           3.105;           3.391;           3.124;           0.049 ( 1.575 %);  19534.470
    UNROLL;           0.125;           0.000;           0.000;          8;       1000;        2323.167;           3.105;           3.391;           3.124;           0.049 ( 1.572 %);  19535.039
    UNROLL;           0.125;           0.000;           0.000;          8;       1000;         743.226;           3.107;           3.383;           3.124;           0.048 ( 1.526 %);  19535.228
    UNROLL;           0.125;           0.000;           0.000;          8;       1000;          63.279;           3.105;           3.395;           3.124;           0.050 ( 1.599 %);  19536.175
    UNROLL;           0.125;           0.000;           0.000;          8;       1000;          73.580;           3.106;           3.390;           3.124;           0.049 ( 1.560 %);  19536.175
    UNROLL;           0.125;           0.000;           0.000;          8;       1000;         165.880;           3.106;           3.390;           3.124;           0.049 ( 1.554 %);  19536.175
    UNROLL;           0.125;           0.000;           0.000;          8;       1000;         122.196;           3.108;           3.390;           3.124;           0.048 ( 1.551 %);  19537.123
    UNROLL;           0.125;           0.000;           0.000;          8;       1000;         220.307;           3.106;           3.393;           3.124;           0.049 ( 1.581 %);  19537.123
    UNROLL;           0.125;           0.000;           0.000;          8;       1000;         656.418;           3.106;           3.397;           3.124;           0.050 ( 1.596 %);  19537.692
    UNROLL;           0.125;           0.000;           0.000;          8;       1000;        1938.464;           3.107;           3.391;           3.124;           0.049 ( 1.554 %);  19538.260
    UNROLL;           0.125;           0.000;           0.000;          8;       1000;          77.672;           3.106;           3.387;           3.124;           0.048 ( 1.525 %);  19538.450
    UNROLL;           0.125;           0.000;           0.000;          8;       1000;         168.219;           3.106;           3.395;           3.124;           0.049 ( 1.579 %);  19538.450
    UNROLL;           0.125;           0.000;           0.000;          8;       1000;          84.237;           3.105;           3.383;           3.124;           0.047 ( 1.516 %);  19538.639
    UNROLL;           0.125;           0.000;           0.000;          8;       1000;          45.669;           3.107;           3.385;           3.124;           0.048 ( 1.523 %);  19538.829
    UNROLL;           0.125;           0.000;           0.000;          8;       1000;          81.361;           3.108;           3.384;           3.124;           0.047 ( 1.515 %);  19539.397
    UNROLL;           0.125;           0.000;           0.000;          8;       1000;         245.262;           3.107;           3.393;           3.124;           0.049 ( 1.576 %);  19539.397
    UNROLL;           0.125;           0.000;           0.000;          8;       1000;         237.252;           3.106;           3.396;           3.124;           0.050 ( 1.590 %);  19539.587
    UNROLL;           0.125;           0.000;           0.000;          8;       1000;          81.330;           3.106;           3.383;           3.124;           0.047 ( 1.509 %);  19540.156
    UNROLL;           0.125;           0.000;           0.000;          8;       1000;         109.228;           3.106;           3.398;           3.124;           0.050 ( 1.606 %);  19540.156
    UNROLL;           0.125;           0.000;           0.000;          8;       1000;          59.522;           3.106;           3.394;           3.123;           0.050 ( 1.585 %);  19541.293
    UNROLL;           0.125;           0.000;           0.000;          8;       1000;         204.080;           3.106;           3.387;           3.123;           0.048 ( 1.536 %);  19541.672
    UNROLL;           0.125;           0.000;           0.000;          8;       1000;         155.197;           3.105;           3.392;           3.123;           0.049 ( 1.565 %);  19542.051
    UNROLL;           0.125;           0.000;           0.000;          8;       1000;        1091.345;           3.106;           3.394;           3.123;           0.049 ( 1.573 %);  19542.241
    UNROLL;           0.125;           0.000;           0.000;          8;       1000;         262.945;           3.105;           3.391;           3.123;           0.049 ( 1.570 %);  19544.327
    UNROLL;           0.125;           0.000;           0.000;          8;       1000;          73.420;           3.106;           3.394;           3.123;           0.049 ( 1.577 %);  19544.706
    UNROLL;           0.125;           0.000;           0.000;          8;       1000;          87.902;           3.105;           3.394;           3.123;           0.049 ( 1.576 %);  19545.275
    UNROLL;           0.125;           0.000;           0.000;          8;       1000;          29.879;           3.106;           3.384;           3.123;           0.047 ( 1.520 %);  19545.465
    UNROLL;           0.125;           0.000;           0.000;          8;       1000;          38.018;           3.105;           3.391;           3.123;           0.049 ( 1.559 %);  19545.655
    UNROLL;           0.125;           0.000;           0.000;          8;       1000;          56.706;           3.105;           3.390;           3.123;           0.048 ( 1.553 %);  19545.844
    UNROLL;           0.125;           0.000;           0.000;          8;       1000;         105.191;           3.105;           3.383;           3.123;           0.047 ( 1.517 %);  19546.034
    UNROLL;           0.125;           0.000;           0.000;          8;       1000;        1490.349;           3.105;           3.384;           3.123;           0.047 ( 1.519 %);  19546.413
    UNROLL;           0.125;           0.000;           0.000;          8;       1000;          63.261;           3.105;           3.384;           3.122;           0.047 ( 1.519 %);  19547.172
    UNROLL;           0.125;           0.000;           0.000;          8;       1000;         170.021;           3.106;           3.392;           3.122;           0.049 ( 1.574 %);  19548.121
    UNROLL;           0.125;           0.000;           0.000;          8;       1000;          49.637;           3.112;           3.157;           3.121;           0.008 ( 0.250 %);  19559.131
    UNROLL;           0.125;           0.000;           0.000;          8;       1000;         184.139;           3.107;           3.150;           3.115;           0.008 ( 0.254 %);  19594.332
    UNROLL;           0.125;           0.000;           0.000;          8;       1000;         190.659;           3.022;           3.334;           3.055;           0.083 ( 2.712 %);  19976.001
    UNROLL;           0.125;           0.000;           0.000;          8;       1000;         140.550;           3.023;           3.348;           3.048;           0.071 ( 2.343 %);  20025.454
    UNROLL;           0.125;           0.000;           0.000;          8;       1000;          42.275;           3.021;           3.349;           3.048;           0.071 ( 2.333 %);  20025.653
    UNROLL;           0.125;           0.000;           0.000;          8;       1000;          91.384;           3.025;           3.297;           3.045;           0.050 ( 1.657 %);  20046.780
    UNROLL;           0.125;           0.000;           0.000;          8;       1000;        1221.119;           3.022;           3.298;           3.043;           0.051 ( 1.684 %);  20060.557
    UNROLL;           0.125;           0.000;           0.000;          8;       1000;          45.244;           3.022;           3.301;           3.042;           0.053 ( 1.727 %);  20062.555
    UNROLL;           0.125;           0.000;           0.000;          8;       1000;         378.745;           3.025;           3.299;           3.042;           0.047 ( 1.541 %);  20064.554
    UNROLL;           0.125;           0.000;           0.000;          8;       1000;          84.913;           3.022;           3.296;           3.041;           0.052 ( 1.701 %);  20067.552
    UNROLL;           0.125;           0.000;           0.000;          8;       1000;          97.891;           3.024;           3.299;           3.040;           0.047 ( 1.545 %);  20075.953
    UNROLL;           0.125;           0.000;           0.000;          8;       1000;         122.607;           3.022;           3.293;           3.040;           0.046 ( 1.529 %);  20077.354
    UNROLL;           0.125;           0.000;           0.000;          8;       1000;         177.457;           3.022;           3.304;           3.040;           0.048 ( 1.583 %);  20078.955
    UNROLL;           0.125;           0.000;           0.000;          8;       1000;         658.619;           3.022;           3.308;           3.040;           0.049 ( 1.609 %);  20079.155
    UNROLL;           0.125;           0.000;           0.000;          8;       1000;          59.263;           3.022;           3.304;           3.039;           0.048 ( 1.594 %);  20081.157
    UNROLL;           0.125;           0.000;           0.000;          8;       1000;        3331.567;           3.022;           3.296;           3.039;           0.047 ( 1.547 %);  20081.157
    UNROLL;           0.125;           0.000;           0.000;          8;       1000;          58.718;           3.023;           3.300;           3.039;           0.048 ( 1.563 %);  20081.758
    UNROLL;           0.125;           0.000;           0.000;          8;       1000;         201.080;           3.021;           3.306;           3.039;           0.048 ( 1.594 %);  20082.559
    UNROLL;           0.125;           0.000;           0.000;          8;       1000;         176.378;           3.021;           3.308;           3.039;           0.049 ( 1.604 %);  20083.360
    UNROLL;           0.125;           0.000;           0.000;          8;       1000;         119.942;           3.022;           3.297;           3.039;           0.047 ( 1.549 %);  20086.164
