O0
    UNROLL;           0.125;           0.000;           0.000;          8;       1000;         178.689;          14.983;          15.106;          15.016;           0.023 ( 0.154 %);   4064.658
O1
    UNROLL;           0.125;           0.000;           0.000;          8;       1000;         125.639;           3.937;           3.979;           3.948;           0.009 ( 0.228 %);  15458.224
O2
    UNROLL;           0.125;           0.000;           0.000;          8;       1000;          35.490;           4.494;           4.558;           4.505;           0.011 ( 0.252 %);  13549.317
O3
    UNROLL;           0.125;           0.000;           0.000;          8;       1000;         190.225;           4.491;           4.535;           4.503;           0.009 ( 0.193 %);  13552.964
Ofast
    UNROLL;           0.125;           0.000;           0.000;          8;       1000;         385.585;           3.384;           3.430;           3.394;           0.008 ( 0.239 %);  17984.055
