O0
      BASE;           0.125;           0.000;           0.000;          8;       1000;          94.414;          17.698;          18.070;          17.808;           0.078 ( 0.436 %);   3427.488
O1
      BASE;           0.125;           0.000;           0.000;          8;       1000;         460.535;           4.225;           4.437;           4.247;           0.036 ( 0.844 %);  14370.640
O2
      BASE;           0.125;           0.000;           0.000;          8;       1000;         244.672;           3.663;           4.232;           4.129;           0.203 ( 4.923 %);  14781.416
O3
      BASE;           0.125;           0.000;           0.000;          8;       1000;         221.430;           3.659;           3.867;           3.674;           0.035 ( 0.954 %);  16611.219
Ofast
      BASE;           0.125;           0.000;           0.000;          8;       1000;          94.860;           3.662;           3.954;           3.686;           0.062 ( 1.682 %);  16559.732
