O0
    UNROLL;           0.125;           0.000;           0.000;          8;       1000;          35.947;           7.454;           7.663;           7.488;           0.034 ( 0.455 %);   8151.227
O1
    UNROLL;           0.125;           0.000;           0.000;          8;       1000;         559.876;           2.013;           2.079;           2.024;           0.011 ( 0.548 %);  30162.935
O2
    UNROLL;           0.125;           0.000;           0.000;          8;       1000;          17.173;           2.013;           2.058;           2.023;           0.008 ( 0.377 %);  30171.520
O3
    UNROLL;           0.125;           0.000;           0.000;          8;       1000;          28.274;           2.013;           2.063;           2.023;           0.009 ( 0.444 %);  30171.972
Ofast
    UNROLL;           0.125;           0.000;           0.000;          8;       1000;          20.125;           3.107;           3.137;           3.115;           0.006 ( 0.187 %);  19596.238
O0
    UNROLL;           0.125;           0.000;           0.000;          8;       1000;          35.947;           7.454;           7.663;           7.488;           0.034 ( 0.455 %);   8151.227
O1
    UNROLL;           0.125;           0.000;           0.000;          8;       1000;         559.876;           2.013;           2.079;           2.024;           0.011 ( 0.548 %);  30162.935
O2
    UNROLL;           0.125;           0.000;           0.000;          8;       1000;          17.173;           2.013;           2.058;           2.023;           0.008 ( 0.377 %);  30171.520
O3
    UNROLL;           0.125;           0.000;           0.000;          8;       1000;          28.274;           2.013;           2.063;           2.023;           0.009 ( 0.444 %);  30171.972
Ofast
    UNROLL;           0.125;           0.000;           0.000;          8;       1000;          20.125;           3.107;           3.137;           3.115;           0.006 ( 0.187 %);  19596.238
