O0
      BASE;           0.125;           0.000;           0.000;          8;       1000;          36.933;          15.693;          16.092;          15.761;           0.066 ( 0.421 %);   3872.521
O1
      BASE;           0.125;           0.000;           0.000;          8;       1000;          16.453;           4.214;           4.345;           4.229;           0.022 ( 0.516 %);  14432.527
O2
      BASE;           0.125;           0.000;           0.000;          8;       1000;          37.386;           2.547;           2.639;           2.561;           0.015 ( 0.581 %);  23829.729
O3
      BASE;           0.125;           0.000;           0.000;          8;       1000;          14.853;           2.266;           2.454;           2.280;           0.032 ( 1.383 %);  26773.720
Ofast
      BASE;           0.125;           0.000;           0.000;          8;       1000;          21.642;           3.940;           4.187;           3.956;           0.042 ( 1.059 %);  15428.857
O0
      BASE;           0.125;           0.000;           0.000;          8;       1000;          36.933;          15.693;          16.092;          15.761;           0.066 ( 0.421 %);   3872.521
O1
      BASE;           0.125;           0.000;           0.000;          8;       1000;          16.453;           4.214;           4.345;           4.229;           0.022 ( 0.516 %);  14432.527
O2
      BASE;           0.125;           0.000;           0.000;          8;       1000;          37.386;           2.547;           2.639;           2.561;           0.015 ( 0.581 %);  23829.729
O3
      BASE;           0.125;           0.000;           0.000;          8;       1000;          14.853;           2.266;           2.454;           2.280;           0.032 ( 1.383 %);  26773.720
Ofast
      BASE;           0.125;           0.000;           0.000;          8;       1000;          21.642;           3.940;           4.187;           3.956;           0.042 ( 1.059 %);  15428.857
