  30961.358
  31006.637
  30171.068
  30169.260
  30135.406
  30163.839
  30173.780
  30163.387
  30183.728
  31002.342
  30987.556
  30998.525
  31007.115
  30146.231
  30169.712
  30175.588
  30147.585
  30188.252
  30140.367
  30165.646
  30163.387
  30172.424
  30174.232
  30150.744
  30173.328
  30159.322
  30171.068
  26800.795
  26797.229
  30151.195
  26821.495
  30156.613
  30167.001
  30130.448
  23436.273
  30147.134
  31002.819
  31002.819
  31002.819
  30986.603
  30988.033
  31014.276
  30988.033
  31006.637
  30953.745
  31005.683
  31002.342
  30121.436
  30164.290
  30993.278
  31015.709
  26820.423
  30168.357
  30988.510
  30992.801
  31011.889
  30161.580
  26818.281
  30176.040
  30153.904
  30157.064
  30156.613
  30162.032
  30125.490
  30171.068
  30163.387
  30179.657
  30170.616
  30162.935
  30151.195
  30176.040
  30164.742
  30162.483
  30152.098
  30181.014
  31002.819
  31006.637
  31002.819
  30973.260
  31001.388
  31004.251
  31006.160
  30183.275
  30193.230
  31006.637
  30970.879
  30170.616
  30182.823
  30160.225
  26796.160
  30159.774
  30988.510
  30996.617
  30154.355
  30169.260
  30171.972
  30179.657
  30161.128
  31015.232
  31010.456
  26828.283
