  30982.313
  31000.911
  31004.251
  31018.575
  30158.870
  26811.141
  30159.322
  30153.452
  31013.799
  31052.050
  30993.278
  26776.567
  25472.805
  30156.613
  30142.171
  30143.073
  30152.098
  30162.935
  30176.944
  30155.710
  30142.622
  30146.231
  30100.279
  30141.720
  30125.040
  30091.734
  30152.550
  30135.406
  30165.194
  30152.098
  26804.005
  30135.406
  26778.703
  30994.232
  30993.755
  30998.048
  31001.388
  26823.638
  30983.743
  30997.094
  30986.603
  30812.161
  30995.186
  30159.322
  30168.357
  27166.983
  30140.818
  30181.014
  31007.115
  31003.774
  30148.939
  22574.197
  30165.646
  22701.413
  30173.780
  30168.357
  30151.647
  26795.447
  30186.894
  30153.904
  31022.397
  30993.755
  26798.299
  30141.720
  30173.780
  30154.355
  30164.290
  30142.171
  30153.904
  30084.992
  30208.173
  30176.944
  26839.723
  30988.033
  26775.143
  31008.547
  26790.457
  30144.878
  30178.753
  30991.847
  31010.456
  30981.360
  30979.454
  31005.205
  26823.281
  31057.317
  30133.603
  30166.549
  30974.689
  27153.066
  26817.567
  30150.293
  30983.266
  31018.575
  30165.194
  30155.258
  30185.085
  30183.728
  30151.195
  30171.972
  31013.321
