  28641.149
  30957.551
  30996.140
  26426.306
  30120.084
  30149.841
  30155.258
  30175.588
  30137.210
  30987.079
  30990.894
  30162.483
  30164.290
  30162.483
  30117.382
  30167.001
  26804.718
  30833.387
  30165.194
  30181.466
  27169.915
  30153.452
  26782.976
  26800.082
  30988.510
  30157.064
  26797.586
  30141.720
  30171.972
  30120.084
  30137.210
  26828.283
  30158.870
  30970.403
  31042.000
  31008.547
  30978.024
  30996.140
  31000.433
  31006.160
  30999.956
  31002.819
  30190.514
  30141.720
  31023.353
  31020.486
  30185.537
  30179.205
  30154.807
  30166.097
  30171.520
  30150.744
  30156.161
  30159.774
  30989.463
  30992.324
  31016.664
  30979.454
  30174.232
  26820.781
  30992.801
  30995.663
  31000.911
  23530.458
  29417.111
  30149.390
  30181.919
  30961.358
  31029.088
  31006.637
  31009.502
  31015.709
  26788.319
  30099.829
  30957.551
  30980.883
  31024.308
  31012.844
  30988.033
  26805.432
  26834.359
  30153.001
  30169.260
  31008.547
  30999.479
  30988.510
  30155.258
  30145.780
  30156.613
  17889.175
  30180.562
  26816.138
  30137.661
  26806.145
  30145.780
  30176.944
  18511.821
  31795.668
  23430.548
  31012.844
  30991.847
