   8602.779
   8595.437
   8373.981
   8042.582
   8146.678
   8149.183
   7236.226
   8377.011
   8365.981
   8374.051
   8368.762
   8142.726
   8144.602
   7211.639
   8141.968
   8146.579
   8374.155
   8321.119
   8108.698
   8137.626
   6586.118
   8144.372
   8144.438
   8379.241
   8370.292
   8142.594
   8144.569
   8153.273
   7255.594
   8151.161
   6781.912
   8375.339
   8374.051
   8368.206
   8370.918
   8376.558
   8371.753
   8384.194
   8371.893
   8377.603
   7236.616
   8369.979
   8367.997
   7245.962
   7883.580
   8354.530
   8372.937
   8364.209
   8139.534
   8149.809
   8377.011
   7237.474
   8146.381
   8129.054
   8378.196
   8373.668
   8373.842
   8371.997
   8377.952
   8372.519
   8360.009
   8363.341
   7234.979
   8369.910
   7234.251
   8372.589
   8371.823
   8145.129
   8140.751
   8144.833
   8142.495
   8142.528
   8145.821
   8363.272
   8149.776
   8109.482
   8371.266
   8367.788
   8372.380
   8365.738
   8371.197
   8374.677
   8343.766
   8370.779
   8139.073
   8144.668
   8138.876
   8144.767
   8148.161
   8148.392
   8148.457
   8363.619
   7235.057
   8377.185
   8359.558
   8147.370
   8146.052
   8151.227
   8137.396
   8142.265
   8150.733
