  20139.789
  20140.997
  20131.133
  17410.879
  20137.574
  20120.073
  19582.711
  19596.238
  19592.616
  19597.573
  19596.238
  17827.424
  20139.789
  19595.476
  20137.775
  20143.012
  20134.353
  20138.379
  20131.938
  20130.932
  20131.737
  19590.139
  19590.711
  20142.407
  20138.379
  20115.853
  20135.561
  20136.567
  19594.332
  19475.350
  20132.944
  20144.825
  19575.098
  19593.188
  19574.528
  19568.252
  20138.178
  15239.970
  20138.983
  20140.393
  19587.853
  17420.517
  15236.742
  20133.548
  20140.393
  20114.246
  19559.890
  20111.033
  19595.857
  19468.385
  19027.359
  17943.041
  17932.178
  18495.332
  19592.616
  19591.282
  19590.711
  19590.711
  19597.382
  19597.954
  19582.140
  19573.006
  19575.098
  19589.568
  20129.122
  20120.676
  20126.909
  19591.664
  19598.336
  19592.998
  19587.662
  20142.206
  20139.588
  17407.719
  19577.762
  19587.853
  20135.561
  20126.909
  20142.609
  20141.199
  19592.045
  19588.805
  19590.901
  20138.983
  20112.439
  20136.366
  20068.352
  19573.576
  19592.235
  20131.133
  20140.393
  17418.860
  20143.817
  20131.938
  17411.030
  20099.593
  19591.092
  19590.711
  20141.199
  17420.668
  17417.504
