           3.031
           3.030
           3.032
           3.506
           3.031
           3.034
           3.117
           3.115
           3.115
           3.114
           3.115
           3.424
           3.031
           3.115
           3.031
           3.030
           3.031
           3.031
           3.032
           3.032
           3.032
           3.116
           3.116
           3.030
           3.031
           3.034
           3.031
           3.031
           3.115
           3.134
           3.032
           3.030
           3.118
           3.115
           3.118
           3.119
           3.031
           4.005
           3.031
           3.030
           3.116
           3.504
           4.006
           3.032
           3.030
           3.034
           3.120
           3.035
           3.115
           3.135
           3.208
           3.402
           3.404
           3.300
           3.115
           3.115
           3.116
           3.116
           3.114
           3.114
           3.117
           3.118
           3.118
           3.116
           3.032
           3.033
           3.033
           3.115
           3.114
           3.115
           3.116
           3.030
           3.031
           3.506
           3.118
           3.116
           3.031
           3.033
           3.030
           3.030
           3.115
           3.116
           3.115
           3.031
           3.035
           3.031
           3.041
           3.118
           3.115
           3.032
           3.030
           3.504
           3.030
           3.032
           3.506
           3.037
           3.115
           3.116
           3.030
           3.504
           3.504
