           2.131
           1.972
           1.969
           2.310
           2.026
           2.024
           2.024
           2.023
           2.025
           1.970
           1.969
           2.024
           2.023
           2.024
           2.027
           2.023
           2.277
           1.980
           2.023
           2.022
           2.246
           2.024
           2.279
           2.277
           1.970
           2.024
           2.278
           2.025
           2.023
           2.026
           2.025
           2.275
           2.024
           1.971
           1.966
           1.968
           1.970
           1.969
           1.969
           1.968
           1.969
           1.969
           2.022
           2.025
           1.967
           1.968
           2.022
           2.022
           2.024
           2.023
           2.023
           2.024
           2.024
           2.024
           1.970
           1.969
           1.968
           1.970
           2.023
           2.276
           1.969
           1.969
           1.969
           2.594
           2.075
           2.024
           2.022
           1.971
           1.967
           1.968
           1.968
           1.968
           2.278
           2.028
           1.972
           1.970
           1.967
           1.968
           1.970
           2.277
           2.275
           2.024
           2.023
           1.968
           1.969
           1.970
           2.024
           2.025
           2.024
           3.412
           2.022
           2.276
           2.025
           2.277
           2.025
           2.023
           3.297
           1.920
           2.605
           1.968
           1.969
