           7.095
           7.101
           7.289
           7.589
           7.492
           7.490
           8.435
           7.286
           7.296
           7.289
           7.293
           7.496
           7.494
           8.463
           7.496
           7.492
           7.289
           7.335
           7.527
           7.500
           9.267
           7.494
           7.494
           7.284
           7.292
           7.496
           7.494
           7.486
           8.412
           7.488
           9.000
           7.287
           7.289
           7.294
           7.291
           7.286
           7.291
           7.280
           7.290
           7.286
           8.434
           7.292
           7.294
           8.423
           7.742
           7.306
           7.290
           7.297
           7.499
           7.489
           7.286
           8.433
           7.492
           7.508
           7.285
           7.289
           7.289
           7.290
           7.285
           7.290
           7.301
           7.298
           8.436
           7.292
           8.437
           7.290
           7.291
           7.493
           7.497
           7.494
           7.496
           7.496
           7.493
           7.298
           7.489
           7.526
           7.291
           7.294
           7.290
           7.296
           7.291
           7.288
           7.315
           7.291
           7.499
           7.494
           7.499
           7.494
           7.491
           7.490
           7.490
           7.298
           8.436
           7.286
           7.301
           7.491
           7.493
           7.488
           7.501
           7.496
           7.488
