           1.971
           1.968
           2.023
           2.023
           2.025
           2.023
           2.023
           2.023
           2.022
           1.969
           1.970
           1.969
           1.968
           2.025
           2.023
           2.023
           2.025
           2.022
           2.025
           2.023
           2.023
           2.023
           2.023
           2.024
           2.023
           2.024
           2.023
           2.277
           2.278
           2.024
           2.276
           2.024
           2.023
           2.026
           2.604
           2.025
           1.969
           1.969
           1.969
           1.970
           1.970
           1.968
           1.970
           1.968
           1.972
           1.969
           1.969
           2.026
           2.023
           1.969
           1.968
           2.276
           2.023
           1.970
           1.969
           1.968
           2.024
           2.276
           2.023
           2.024
           2.024
           2.024
           2.024
           2.026
           2.023
           2.023
           2.022
           2.023
           2.024
           2.024
           2.023
           2.023
           2.024
           2.024
           2.022
           1.969
           1.968
           1.969
           1.971
           1.969
           1.969
           1.968
           2.022
           2.021
           1.968
           1.971
           2.023
           2.022
           2.024
           2.278
           2.024
           1.970
           1.969
           2.024
           2.023
           2.023
           2.022
           2.024
           1.968
           1.968
           2.275
