           1.970
           1.969
           1.969
           1.968
           2.024
           2.276
           2.024
           2.024
           1.968
           1.966
           1.969
           2.279
           2.396
           2.024
           2.025
           2.025
           2.024
           2.024
           2.023
           2.024
           2.025
           2.025
           2.028
           2.025
           2.026
           2.028
           2.024
           2.025
           2.023
           2.024
           2.277
           2.025
           2.279
           1.969
           1.969
           1.969
           1.969
           2.275
           1.970
           1.969
           1.970
           1.981
           1.969
           2.024
           2.023
           2.247
           2.025
           2.022
           1.968
           1.969
           2.024
           2.704
           2.023
           2.689
           2.023
           2.023
           2.024
           2.278
           2.022
           2.024
           1.967
           1.969
           2.278
           2.025
           2.023
           2.024
           2.023
           2.025
           2.024
           2.029
           2.020
           2.023
           2.274
           1.970
           2.280
           1.968
           2.278
           2.025
           2.022
           1.969
           1.968
           1.970
           1.970
           1.969
           2.275
           1.965
           2.025
           2.023
           1.970
           2.248
           2.276
           2.024
           1.970
           1.968
           2.023
           2.024
           2.022
           2.022
           2.024
           2.023
           1.968
