O0
      BASE;           0.125;           0.000;           0.000;          8;       1000;         105.659;          15.339;          15.701;          15.402;           0.059 ( 0.383 %);   3962.877
O1
      BASE;           0.125;           0.000;           0.000;          8;       1000;          56.854;           3.940;           4.524;           4.141;           0.168 ( 4.068 %);  14738.692
O2
      BASE;           0.125;           0.000;           0.000;          8;       1000;          91.367;           2.827;           3.396;           2.921;           0.111 ( 3.806 %);  20898.113
O3
      BASE;           0.125;           0.000;           0.000;          8;       1000;          21.859;           2.268;           2.464;           2.283;           0.033 ( 1.437 %);  26735.338
Ofast
      BASE;           0.125;           0.000;           0.000;          8;       1000;          19.149;           3.807;           4.492;           3.845;           0.119 ( 3.104 %);  15874.653
O0
      BASE;           0.125;           0.000;           0.000;          8;       1000;         105.659;          15.339;          15.701;          15.402;           0.059 ( 0.383 %);   3962.877
O1
      BASE;           0.125;           0.000;           0.000;          8;       1000;          56.854;           3.940;           4.524;           4.141;           0.168 ( 4.068 %);  14738.692
O2
      BASE;           0.125;           0.000;           0.000;          8;       1000;          91.367;           2.827;           3.396;           2.921;           0.111 ( 3.806 %);  20898.113
O3
      BASE;           0.125;           0.000;           0.000;          8;       1000;          21.859;           2.268;           2.464;           2.283;           0.033 ( 1.437 %);  26735.338
Ofast
      BASE;           0.125;           0.000;           0.000;          8;       1000;          19.149;           3.807;           4.492;           3.845;           0.119 ( 3.104 %);  15874.653
