O0
    UNROLL;           0.125;           0.000;           0.000;          8;       1000;          22.488;           7.272;           7.446;           7.300;           0.030 ( 0.406 %);   8361.397
O1
    UNROLL;           0.125;           0.000;           0.000;          8;       1000;          13.635;           2.030;           2.279;           2.064;           0.045 ( 2.193 %);  29569.126
O2
    UNROLL;           0.125;           0.000;           0.000;          8;       1000;          68.265;           2.030;           2.494;           2.073;           0.088 ( 4.267 %);  29449.800
O3
    UNROLL;           0.125;           0.000;           0.000;          8;       1000;          43.628;           2.028;           2.271;           2.045;           0.042 ( 2.045 %);  29847.811
Ofast
    UNROLL;           0.125;           0.000;           0.000;          8;       1000;         288.112;           2.550;           2.584;           2.558;           0.006 ( 0.250 %);  23860.216
O0
    UNROLL;           0.125;           0.000;           0.000;          8;       1000;          22.488;           7.272;           7.446;           7.300;           0.030 ( 0.406 %);   8361.397
O1
    UNROLL;           0.125;           0.000;           0.000;          8;       1000;          13.635;           2.030;           2.279;           2.064;           0.045 ( 2.193 %);  29569.126
O2
    UNROLL;           0.125;           0.000;           0.000;          8;       1000;          68.265;           2.030;           2.494;           2.073;           0.088 ( 4.267 %);  29449.800
O3
    UNROLL;           0.125;           0.000;           0.000;          8;       1000;          43.628;           2.028;           2.271;           2.045;           0.042 ( 2.045 %);  29847.811
Ofast
    UNROLL;           0.125;           0.000;           0.000;          8;       1000;         288.112;           2.550;           2.584;           2.558;           0.006 ( 0.250 %);  23860.216
